16000
16224
-1228
-1336
4120
7116
1348
-5736
-7412
1128
1896
5600
-1112
-8764
-5540
10188
8692
-3764
-14108
-13972
4492
7484
-4044
-3312
-804
10196
2532
-9472
-10168
-2764
7612
4324
-3072
-8488
-9240
-2632
6744
2972
-5456
-9724
-3424
3048
6604
1732
-5764
-2940
-5032
2824
1608
5628
-2140
-2408
-4964
-1620
4868
8
-1216
-824
1740
-992
-5108
-72
9616
2960
352
1548
2360
3584
3112
-2936
-2852
-4816
-164
532
364
1588
1972
-856
-2372
2988
1240
2556
4652
4900
9232
460
-256
7212
9980
-4456
-6660
-1168
2244
4716
1352
1100
-3956
-3316
-8396
3832
1912
3608
-5000
-6924
-892
3484
4984
-3416
-13028
-8716
1776
14228
9668
-3440
-14116
1172
6492
7764
2336
-11264
-11468
8480
13284
5920
-7308
-8976
-1952
10524
6980
7044
-2912
-5520
-3196
4916
1492
-752
-9100
-8616
1836
5748
1412
-7352
-9200
-1920
-364
1644
-4468
-5928
-1304
3768
1672
-2024
-4176
1460
-1692
-4196
1716
-936
-236
860
588
-3400
-1480
12
3540
3812
-3320
-7880
-4352
3604
4832
4032
-1568
2224
10148
3360
-8080
-9632
-2276
11928
18688
8964
-14948
-15212
5532
11744
10548
-7752
-14632
1216
16440
10060
-6640
-8320
-2180
9924
9804
3756
-3176
-8892
-3316
3168
9364
-304
-8500
-2684
-748
11460
2860
-7804
-10016
-3248
8104
-376
-1324
-1712
-1488
1024
1176
-272
-272
-2504
-1468
-3340
-2464
1020
-280
-6784
-5788
-1248
8172
5416
1500
-8324
-5420
9248
15964
5888
-2636
-14436
-1280
1708
128
1788
-4628
-6428
-7752
-2040
2400
-3284
-5692
-2600
6088
7876
2384
-728
-2632
2316
8400
3224
1156
-280
2424
-760
944
320
1136
-6840
1360
4196
9720
11984
1448
-9072
-5980
-284
6540
6144
-272
-9528
-2992
4260
5412
-1364
-8944
-5272
-2960
1972
4872
-1092
-7380
-5592
-3564
3420
-3280
-7156
-5760
8044
10892
2076
-7100
-7340
3156
6608
9876
-380
-9868
-692
4600
7088
156
-3260
-5816
5492
7596
3760
-7556
-4224
1040
7020
520
-188
-2636
-1828
-92
3628
-28
-5468
-3740
2660
8216
264
-5864
-7552
-2980
6140
5356
-6096
-13456
3108
16540
10644
-6440
-18024
-6644
15096
8084
-2348
-10104
-1676
9528
720
-7824
-9992
236
6860
1164
-8124
-6100
-8328
-844
164
1736
580
-584
-7148
5368
4108
396
-3616
-5488
820
6672
6828
2060
-7396
-944
948
5768
3652
-2148
-928
796
10796
7240
1176
268
-1396
9968
2600
140
-5016
-1980
2896
-1624
-9520
-6616
-1076
2340
1484
-928
-4116
-368
5596
9288
6848
2500
-120
-2892
-1484
552
8212
10528
-4744
-12936
-5376
-2680
3840
-1648
-404
-2704
-720
-2048
-6724
-3980
4024
10612
-3672
-6192
-2684
300
4156
1612
-4116
832
4032
6916
152
-500
-7224
4832
800
5916
-2128
-9076
-6576
5504
8080
7384
2272
-10032
-7348
2080
12588
5228
-7864
-4808
6332
8836
176
-11752
-3272
436
6032
-5956
-3844
-8100
-2220
3716
204
1212
-4644
-4824
-2928
-3044
6624
560
-236
-3292
4304
3104
-3248
-340
1556
4912
2948
-1756
-2284
2724
328
-5144
-8972
-1060
4828
5856
556
-4552
412
8172
8472
-9440
-16512
-8244
8268
17572
18532
-5144
-16160
-10348
10200
18340
-224
-13144
-10852
5276
9932
7916
-5480
-8432
3604
8468
3772
-7236
-3492
3144
4308
9100
404
-6084
-11080
-2412
6828
5836
44
-9472
-8656
1412
3280
4172
-2180
-3560
-1056
1828
5592
-928
2560
-2308
-952
-5712
140
-1932
6384
156
-5540
-3784
4632
9428
1128
-11312
-6736
9992
18056
2900
-236
-6712
-11000
-3972
1472
4920
776
-5124
-10080
-6500
-1924
-5068
2592
4792
5432
-3160
-3120
-1608
2072
-3704
2956
3636
2024
5248
5652
132
196
-248
3064
1188
1596
1496
1216
3500
-8704
-6428
232
8524
9668
-1504
-7240
-2816
3236
5108
1204
-6356
-2280
-300
-3948
7760
888
-7712
-7436
-2620
-524
3232
-6352
-9348
-644
3268
7152
-3832
-2496
7560
12084
7168
-1436
-4756
-4228
-4732
7884
8416
-1864
-12804
772
-1104
5852
3484
-3540
-1408
232
1716
1868
260
2476
1792
-860
-444
-2840
-524
6452
2780
2488
-988
-10940
-3696
168
4304
2884
-5920
-1872
11728
12120
-3432
-19760
-15044
3140
13980
2504
-6348
-3924
10936
4244
-2580
-14248
-11348
4352
4392
2580
-5104
-6576
-4032
1368
4480
-544
-656
-2704
1076
4256
-1680
-804
-2952
-628
3468
3144
6368
-548
-3288
-5596
604
5488
-564
1192
-2016
828
4744
6244
5692
-4864
-2216
-916
10056
8540
-936
-3832
-2608
2220
1780
-5168
-10468
-2952
2136
284
2604
-2368
1884
1796
1956
3796
1888
1220
-400
104
7176
8156
-6588
-13048
-6152
2276
6344
-1772
-15668
-7344
3480
2112
-2584
-4068
-2904
1140
4256
1604
3868
-4788
-4136
-5096
-2220
928
5456
3328
-6656
-2308
-5984
2828
7312
2608
-3208
-1392
-1072
4860
6056
1500
-4836
-4808
-560
6576
7840
1052
-2932
3424
4476
2164
256
-4084
-5536
-5284
1456
2760
-6564
-7264
1720
3792
932
-5920
-5724
-212
-1296
-728
-1160
2156
1864
572
-1216
-2384
-428
4252
2860
2608
344
-2788
1308
1452
424
-5964
-3264
-2556
544
2288
-1648
-1124
5492
7832
1324
-9384
-13116
-8472
8664
26832
12652
-17344
-13388
5780
16300
10000
-9972
-12796
-624
9956
7968
-4532
-8208
-3080
10572
9900
2296
-3908
-4304
272
4228
1176
4992
-3844
-10056
-184
5304
4420
4180
-1576
-5780
3800
1860
4452
664
2692
-3336
2928
7164
332
932
-3700
-3392
-4280
3152
3428
2196
-5584
-8032
2188
5732
6844
-264
-2572
-4840
4968
9016
320
-6512
-5888
1196
772
-1856
-3596
-4956
-7408
-1772
128
-8392
-5856
-3868
9752
5680
3676
616
-2280
1584
3444
5148
1004
1260
1620
2704
-1940
-2948
4692
5940
-756
-1024
340
3740
5820
-7416
-12200
944
8420
4612
-3384
-7868
1172
1336
7456
3020
-784
-3688
-5012
-3420
1408
4356
-1808
-9796
-8708
668
3828
1472
-7660
-1572
4256
2608
-668
-2420
5020
932
3852
1492
-3716
-6556
-1524
6000
6108
-1532
-7480
-2064
1268
2400
1000
-2200
-4616
-228
-808
3148
1224
2904
420
-2372
-1272
708
3752
-204
-640
1972
-2672
-712
-248
-2492
-4936
-516
-3208
7608
7640
3988
-14552
-15440
-3028
10388
8264
-6216
-5104
1740
10124
4396
-4532
-9120
-8580
10224
5192
680
-8500
-8952
388
3892
3276
-1916
-1088
-3348
4040
4900
2916
-604
-5432
-2836
-156
7652
-2880
-1484
-9188
4660
-1336
120
1652
3168
-3604
-3976
-3016
1080
3860
-1796
-860
-1516
812
2064
3796
-3408
-2548
-364
-2508
-2984
-7880
-3116
1116
4156
6468
616
-712
-3388
5284
9360
7760
-6080
-6764
5760
8196
5208
-9044
-10632
-2028
7140
4164
-2112
-8492
-11764
-120
344
5108
-764
-6368
-3692
844
968
3292
732
-3236
-8584
-6164
2848
3992
3784
-5632
-7572
2912
7888
3564
-2004
-6576
-3260
7648
7004
4696
-1832
-3800
-152
4128
7076
10740
-96
-3440
108
4184
-2688
-9072
-1988
6096
2416
-4836
-7752
-5060
1436
2016
5304
-808
-3432
1652
2956
3932
-1748
20
2164
2948
800
-1476
472
-4520
288
4280
2388
1060
-2388
968
2308
292
-1888
-1376
996
3468
-180
-648
1388
6148
7280
-2432
-11944
-8236
308
17756
20432
-7224
-18352
-2784
14256
12276
-4900
-21028
-6464
14356
15564
2356
-13904
-8896
2852
11028
5484
-7172
-4692
2048
7700
3732
860
-4444
-6512
-1784
2572
2980
3556
-3752
-8904
-4728
-1732
-2492
1448
3000
-4356
-4364
-72
2480
3636
8040
-5200
-9900
-6312
2472
4252
956
-2968
-7280
-6228
3820
10780
5240
-1096
-2444
2408
288
1484
-1652
-10080
-3788
-3228
-1272
3924
-3252
-3560
-2284
-796
-896
1320
4860
5592
-2812
-4844
-840
4688
9336
3168
1204
-3496
3056
384
1192
-4020
776
-4272
1340
1740
6064
3728
2652
1668
-4288
-7324
-80
5720
5188
-1632
-3360
-4296
6636
2956
-4796
-7836
-8748
2692
-3204
4556
-2984
-7212
-11720
-2708
1944
-2648
-3876
-1204
6900
4704
-1828
-656
1496
1508
4764
5280
-320
-4036
2980
-416
-1592
-2980
-2044
2736
3732
-2508
1672
312
1904
-1016
-2876
2724
4888
456
1504
-1456
-868
-460
5996
5612
4512
-1444
-2592
-3808
-3196
80
-1852
-3356
-8496
-2100
7252
15604
-540
-16008
-16416
5784
14520
-1076
-13640
-4192
7492
7260
-2892
-12288
-7040
1384
10748
3136
-8784
-10184
-5512
5148
5100
-396
-6848
-6608
2484
4856
2964
-5340
-5592
-168
7340
6116
4096
-636
-3292
-880
-6444
-2596
2328
4308
5416
-1092
-4620
640
11412
7060
-4300
-8748
-1272
10740
9828
-3496
-10148
-7364
-1392
5956
-604
-3396
2948
6428
8296
-2868
-4636
1328
6920
7772
6512
-3136
-1940
-332
12392
11124
-1852
-14416
-4968
5984
6812
-220
-8244
-5776
-3956
2088
3628
-4000
-3264
-1524
3392
3524
-1444
-7404
-6256
-2320
4876
6996
9960
716
-5968
-4320
-2032
6532
4388
-4372
-13828
980
6960
8080
5536
-1836
-2608
-3512
-2092
2620
8848
-2680
-740
2220
5520
2264
-8124
-2236
-3968
6680
-5520
-10564
-7128
-3100
4928
4984
3348
-5340
-7388
-4004
4756
1136
-1464
-2828
-1132
324
2740
-1912
3092
-5284
-896
4228
-2604
1044
-68
820
300
-4944
-4448
2812
6832
-3896
2008
2524
7012
7268
-600
-10372
-10844
-6604
7976
26932
15536
-11404
-14208
780
15768
7004
-6944
-14140
-112
11404
3236
-9160
-5812
2412
10088
4212
-600
-4508
-2684
4528
6944
3480
-1592
-10712
-10700
2532
7180
8144
-2272
-5220
-820
992
356
-5980
-5884
1580
2548
-1784
-10404
-3404
3276
436
-588
-8292
-3496
3632
-1636
1216
-4220
-3452
5280
4200
64
-5196
3492
8828
6272
1672
-2568
-688
-8200
-2964
1188
3712
456
-8368
-4368
1136
-3300
-3600
772
8256
5636
316
-9224
68
3600
7052
3384
3520
1956
-1136
656
-1160
784
-732
-1072
1492
5772
9468
6572
-2456
-5532
-3544
5216
6976
-704
-7520
-8128
-4464
1532
2864
3984
-3336
-2988
-8496
-2188
1212
-2408
-4000
-1800
-5984
-3416
-1020
-2896
-684
-440
-4136
1132
7832
3628
-376
5820
-792
-2508
-2708
-488
-24
192
-2472
-5836
3600
3340
-884
-3840
-1456
3896
6512
-340
-3464
3396
-964
6260
-3068
-3268
-3152
-3204
704
2592
-640
-1152
-6616
-444
5960
-892
-1312
-9508
-7296
13388
15004
2208
-19280
-20112
5984
20596
12976
-11440
-14808
-680
17228
12596
-8564
-22972
-8508
7808
11288
-4124
-8892
-12060
-4252
3528
4664
-5308
-7124
-908
6640
4636
608
-7152
-2044
6884
340
1164
-2100
-1320
2592
-232
-4124
1996
1624
2680
-2520
-5740
-3084
4484
9876
5800
-1452
-4088
168
6084
6732
-1824
-9348
-8740
-3672
5820
4452
564
-2440
-908
2020
6304
10764
2524
1480
-4016
6004
5564
7100
9376
6544
-2444
-7112
-5468
2432
-3992
-4984
-7360
-3968
-5912
-6176
1372
-2544
-7632
-7024
1240
6240
3048
-1056
-6744
-5660
-4444
2220
3276
7628
-2832
-11136
-592
4056
4248
2196
-7832
-4320
6224
4680
908
-4872
1696
-2208
2500
320
2532
2388
-1344
4112
5132
680
-7724
-4428
1512
3200
-1916
-8920
-4948
-1244
4232
376
-6440
-3224
1400
100
2896
2960
-2696
-1028
-1876
4040
276
-5316
-2680
-2212
5392
2156
-40
-4432
-1124
3680
2852
-1072
-10192
-2680
5100
6356
2720
-6672
-2168
10112
14536
-2800
-13664
-14380
4144
22048
20228
-8836
-24432
-8128
15540
16800
-2876
-17308
-13408
12324
19392
8320
-10004
-11252
-3068
10784
16156
1852
-11236
-9796
4996
10628
7176
-4088
-10092
576
1940
7156
2832
-8128
-11128
3904
1756
4172
-4552
-1148
1664
9312
504
-4304
-4144
4508
-2172
-6064
-3172
3008
6164
1712
-7820
-4604
2432
7316
4476
-3004
-5372
2332
10268
6348
-7576
-10020
-6948
3552
7608
4720
-8724
-14720
-4668
6216
4872
-764
-4140
-1332
3904
9660
6668
264
-3880
-1216
6264
9588
8788
660
-4768
-1216
840
1828
1568
456
-5312
4092
10384
7272
-10088
-12184
-1972
5836
8700
-936
-10592
-8364
-1508
5652
2148
-6688
-6224
-3908
-1728
5076
3780
108
-5064
-6968
-1460
1056
-4176
-4964
3168
7384
2432
-8392
-3524
10580
9104
3116
-6144
-6748
964
3308
7364
-428
-2832
-2608
2364
2356
-2080
-6244
-4412
4736
8664
-340
-1808
-2836
820
3796
6924
760
-2956
-340
3996
9412
-200
-7128
-7656
364
3832
-2248
-8900
-7892
8060
12064
7524
-7220
-22764
-9164
15276
10380
-2424
-14172
-3532
9108
12432
-8060
-16928
-14652
5156
13004
488
-9784
-15056
-2472
11672
6628
1992
-9140
-7248
4028
8664
4864
-4988
-11968
-3588
1536
7764
3156
-2176
-13072
-1552
3584
2616
-1644
-3104
-1844
5516
-1304
836
4196
-2020
-2040
-1788
2088
5236
-236
-1696
-4852
1792
-876
-5452
-2360
608
676
-2480
-8100
1436
9732
7976
3008
-2204
-1288
-3832
-1132
7448
9808
4980
-5068
-7892
-4580
3416
6184
-1444
-3640
-328
-6128
-4416
1564
2068
1304
-3076
-1200
3668
180
3764
-3068
-8796
-1636
2940
5368
7504
-560
-7788
-6396
5172
8732
4372
-7940
-13316
-108
10392
11864
6436
-7680
-2592
2012
4616
9064
7820
-184
-580
2844
3316
-5120
-5120
1644
1344
-968
-8840
-2480
-412
2636
1648
-376
-1480
-7652
2008
4728
3500
-4632
2228
4932
-3928
-5028
-1248
2644
3104
3532
-7076
-4020
864
2864
9288
-1868
-7320
-9252
-1224
7092
5088
-1872
-5520
-1772
9240
4656
-10020
-15708
-7272
14956
22956
7180
-14760
-15032
4620
16928
7828
-10664
-16864
-1980
14312
13536
-3184
-13496
-2916
-1132
8428
7024
72
-2976
1528
4152
6500
-1024
-5752
-7036
-4372
3480
10452
-2492
-7036
-2860
-1764
48
2276
2476
4152
-1908
3388
2304
2864
3024
1068
-4636
-11084
-6268
256
5248
2548
-7708
-1860
8204
5976
1988
-5552
-3532
11312
13872
2844
-11004
-9308
-1428
2032
8096
-2316
-8872
-11692
-5336
4908
-384
-6504
-4044
5036
2612
-376
-880
472
3124
4128
1504
5076
1880
-860
4428
-2008
-172
1444
-1184
-1952
-1536
1832
8024
1284
-8160
-696
-1192
9676
3636
-4972
-1424
2572
8548
5564
2836
-3040
-1868
1956
28
1420
1108
-3260
-7800
-5184
4988
4064
-9708
-14132
-2996
13492
7096
-6284
-9212
6708
5716
2328
-2056
120
-4248
2276
5872
-560
-9076
-2044
4272
6400
3932
-4064
-2940
2136
5676
5088
-2512
-3172
3140
2912
2408
-4620
-4300
852
12764
1688
-2324
-11768
-9224
-1724
956
-2076
-3052
-7628
-1724
15940
13848
-8736
-23616
-5884
15072
14120
-7120
-18004
-1460
18504
15300
-7924
-23964
-13208
8940
15512
1212
-9572
-10596
-8316
6552
4304
716
-5524
-8132
-5452
8712
12116
-2728
-13456
-2252
3208
10020
-908
-5972
1916
8552
300
-984
-4268
-516
2400
3932
-1796
2304
7384
608
-6444
4596
10508
7668
-2748
-4948
-3420
-3396
-1536
-7324
824
1992
1600
-2024
-5644
6840
10320
10360
1200
2584
8732
6268
-1792
1828
5308
4692
-8024
-6044
-32
1556
-4852
-1976
-1164
-5544
-1344
-4604
-368
-4116
116
4384
-644
1432
-776
3272
-7180
-5868
-220
936
6624
3952
-9248
-9248
2616
12200
1644
-2940
-6316
-1900
7496
4044
2308
1032
-5280
984
6272
8700
4796
-6424
1524
14828
3252
-7932
-11364
-1832
8044
3240
-2496
-8912
-2920
-80
3324
4524
-4796
-4328
348
3340
1052
-660
-3952
-1316
-460
6104
-3204
-7988
-10628
-1236
8788
268
-4064
-4696
400
4836
2468
-2756
-9596
-2584
4012
4348
-3656
-3036
10896
8076
660
-13232
-17560
-4220
12216
21664
11996
-15492
-13148
7380
14364
136
-11600
-10656
5596
10136
10616
-6492
-11144
-3328
5204
10936
5876
-8052
-7096
416
8796
7912
-176
-7800
-4884
76
4316
6028
-2340
-2932
-4820
-2532
5604
-712
-1352
-6500
4016
1944
-3204
-3672
-284
4316
-1224
-2740
-4708
-772
-2004
1460
4316
2156
5584
-3604
3256
2868
4052
1304
2392
2892
4884
-3040
-9164
-5700
236
2716
-2836
-5184
-6180
-7332
-4848
1124
5924
1944
-2684
-3188
4128
2592
792
-1052
2076
2272
2332
-3412
-2372
-1780
-236
2248
-1532
-628
-4136
3652
7464
-3256
-9008
-6672
2076
3892
1216
-2476
-5428
368
1900
5824
-44
-1472
-5708
-5776
-2392
3780
4296
-7920
-12484
-4404
5360
3712
-4388
-1148
6324
476
2172
-3032
2708
5968
9596
7080
-4332
-5528
1248
5120
2748
-3812
-3344
-5500
656
1680
1100
876
-4232
2288
7832
-72
736
-1088
1872
5888
-1556
-1176
-3244
2160
6416
1472
-4792
-8064
-1708
764
-888
-6392
-3012
-5332
11804
10204
-3808
-19400
-13676
9596
17960
-952
-13840
-11848
8056
17836
-4012
-20672
-15576
8724
20364
2536
-7824
-8400
-828
7252
4352
-2512
-4344
232
7392
8764
3136
-2492
-7412
-4564
5876
10684
6692
-2780
-5340
-3984
2320
2804
3516
-7864
2788
132
1412
2644
548
5468
2476
708
-1120
800
624
-5928
-1404
668
5088
-5848
-10020
-11372
10256
14544
3536
-8924
-11536
4320
13692
13812
4160
-3132
-3836
-4044
16432
11160
-1912
-12808
-10452
5084
5928
-956
-5124
-5768
-2712
4652
824
-3056
-4568
-1560
3424
976
-2236
276
-3884
-4920
-3812
44
4896
10388
-5688
-8448
-2284
4432
7848
6264
-2468
-9388
-288
1104
7288
7816
-2692
-5616
68
8324
10664
-3032
-8824
2776
13284
4116
-11036
-11568
5992
9944
-276
-11116
-5544
-4580
6600
7708
-84
-4632
-2116
420
7508
-48
-10156
-3388
656
2716
1592
-3384
-780
488
92
5760
1312
-2044
-6320
-1080
1528
-2968
-3080
-1556
2920
11540
3800
-376
-2336
172
508
-6332
-9912
-10068
5688
20600
14976
-4780
-17496
-6644
13672
9092
-6332
-13496
-2600
12520
14180
1184
-7200
-7168
560
11100
7420
-756
-4892
-2972
7772
7084
1104
-7056
-6612
2028
7648
1616
-5256
-11316
-5016
-3776
2928
84
-4040
-3004
-988
9236
2024
-452
-5144
-3560
-5172
-1212
-1340
1948
-1996
-6676
-6736
200
8996
3144
-3964
-1860
1720
7260
1728
-5552
-3592
-1984
-3276
-4512
-332
-2008
-3820
-2144
2816
1692
-10340
-3812
2720
9428
4036
-2000
-3864
4020
6024
360
-1204
2416
2068
-348
-40
-1912
5596
1120
1876
-1708
-4292
3908
4140
2464
-5600
-9612
-4236
5104
9500
3068
-10476
-5908
1000
9508
4940
-4148
-15660
-12320
-988
12068
9284
-4660
-11920
-10432
3876
7196
-3696
-2916
3020
5884
12448
-780
-5068
-2332
1664
11460
-364
-3860
-5284
1016
1496
3188
2780
-848
2704
112
-48
2644
3228
2416
-472
-372
-4664
-540
-3008
2472
660
-2104
-4128
376
4956
656
-2856
-11784
-3868
9716
1488
-5064
-10636
-800
10588
16196
4392
-10128
-19040
-852
18876
5316
-13244
-10028
4088
15828
8492
-7164
-9272
-916
9388
5208
-3904
-8228
-9980
-816
9276
5668
-2780
-4560
-2452
7424
6028
932
-3456
-4720
1372
2460
3380
2964
-1348
-260
2132
-1264
1268
-3760
-784
608
5264
-1172
5388
-1888
628
564
2204
2424
1976
396
-4212
-5772
-328
3172
-6144
-5748
-1500
8024
12948
1656
-10100
-4484
10496
16272
11048
-9860
-10608
456
16880
12556
-4368
-15328
-11400
1644
9752
7264
-8624
-11272
-5300
1900
7732
-1992
-9440
-2900
3336
1148
-1360
64
-3920
-3696
-3948
-1272
8068
9444
308
-6564
-5964
5752
5700
496
-4852
-4764
-1184
3580
5160
7500
1812
-9052
-3844
2580
11548
-204
-5516
3540
7940
4780
-6644
-6056
6340
632
-4616
-11080
-4912
392
4472
2460
1868
-2888
-6096
-7024
1752
4264
-532
-1680
-4060
-2916
3808
3284
-652
-5360
-1016
3988
4696
-544
1560
-1420
2132
-1144
-6776
-5180
-4812
8596
5292
-2040
-228
7500
8912
-3996
-16572
-16004
672
20876
25820
-2584
-23120
-9116
10168
16480
1212
-19116
-14824
3884
18720
13164
-5068
-13864
-2884
10928
7508
-1488
-4296
-5468
-1420
5152
912
-3692
-6468
-2864
948
4024
9672
-2832
-8452
-6896
808
672
5884
2868
1476
-2208
-1944
-80
3536
2456
-4532
-6124
-1480
6072
1960
-2428
-5912
-524
4976
4724
736
-5676
4284
11732
8852
252
-8400
-4528
-1764
1780
904
1296
-4896
-5264
-5072
1844
-4116
-4744
660
7284
2428
-3120
-4156
-2120
-1560
3408
704
3764
-880
7476
2568
1108
-2048
-5848
3980
300
2136
-1876
5808
1572
296
-2864
-7504
-4212
4980
6388
980
-3796
-5976
-2700
6944
5444
-1652
-7608
-6164
328
7924
4340
-5396
-6608
-7708
3072
2124
-5344
-11520
2680
4704
3140
1384
6740
-3796
7704
1448
4992
-452
-2576
-4448
1484
2672
3360
-644
300
0
816
4396
1224
-1600
-1304
-1556
2348
5692
-224
-2976
-3540
3968
6852
-152
4828
-3384
-1576
-1384
-156
3052
-6768
-2408
-4328
56
9160
4780
-6432
-18172
-6616
17340
10780
-5244
-12372
-5244
12692
10828
-4416
-18872
-8148
3916
14324
-2000
-5800
-10956
-6176
5204
7040
-3096
-6760
-5168
4336
8084
-1432
-5012
-7500
2176
3260
7196
296
-3336
1456
3704
1460
1672
-1104
428
-3356
-4480
1104
4640
10488
5140
-5984
-996
5580
9216
1120
-4508
-11516
-2920
-3932
-3408
352
-1196
-3020
3124
812
-1260
-128
3612
4880
7464
596
-4520
3348
10028
12732
1436
-6884
-6680
-2944
4080
3776
3440
-6792
-8228
-316
1044
-3032
-6428
-7176
1408
6156
6084
-3576
-5612
-6424
-3188
2084
3460
8260
-2792
-10088
-4200
3924
10816
2172
-3312
-3948
2124
-872
1836
-440
3480
-2964
168
992
828
1288
-1640
-3376
1584
6404
-2768
-3944
-7640
2164
2232
-2476
-6036
-1924
-6232
5288
6572
2708
-3328
-2984
-4648
528
676
-3116
-3448
-1352
2128
3472
5292
-4212
-4444
-2652
2764
908
-496
-3272
896
-6348
-1792
460
5196
3540
3028
-7792
-4620
3328
14440
4380
-10220
-16920
8960
19972
16464
-6976
-25064
-9072
23432
19168
-4172
-18512
-13336
9744
22876
10324
-10364
-18244
3700
11032
14148
-2916
-13212
-6076
5848
11516
4628
-2200
-10600
-5184
-3700
184
6948
1672
-1496
-5904
2784
-512
-4940
1368
8320
-1244
-5432
3332
868
1388
-4924
-5460
-2580
5036
6176
-5800
-7096
-8852
4168
14264
1956
-4908
-7424
1540
10200
5428
4096
-5316
-2808
-5136
948
2924
544
-3872
-5752
4516
-2972
-7588
-10244
2904
4028
5984
-5928
-5000
388
2496
1144
4304
-828
1924
156
1264
4416
-3540
-4636
-4772
2300
5148
6124
-4216
-5856
-3040
-1324
1732
5620
3588
-4732
-5532
-60
3496
616
2660
-1644
-2936
-2720
4684
3500
2916
-3620
-4196
-2104
-2236
-2720
-4348
956
8888
2260
-4456
-2200
5820
4248
2088
2068
-1604
-1332
4344
5988
2312
-1976
-4532
6872
3300
-3020
-680
-2428
-1160
1996
552
-1856
-1392
-580
-596
-1076
588
-3700
4396
1972
4716
252
-2236
-2000
704
-5796
-6788
-2220
-3448
1320
10512
10412
-8072
-18904
-12344
4732
19080
-3680
-18164
-11460
11780
14036
476
-15800
-15548
1728
12168
2204
-8004
-9244
-1900
5036
7584
1492
-7920
-7884
-912
11408
5540
-4312
-7452
-4872
4368
1208
-3604
-3244
5036
212
-2368
3056
-3208
-1240
384
224
-28
888
4460
952
-2644
-1012
3688
7752
4620
-2380
-4128
-3024
-6096
-352
-5848
1616
-2900
-2636
2688
4644
4848
640
-1492
-1404
4292
5368
4512
-56
1104
6684
1468
-5732
-5884
-2356
904
2172
-4180
-6548
-11540
-3884
4140
744
5836
928
1596
-392
4484
-2200
-3524
-7724
-8396
-3388
6432
7740
6756
-3328
-8476
2332
3184
584
-3356
-10864
-3700
1152
10028
7384
-4832
-4980
-2112
4400
4332
4608
3576
1824
3064
-1808
-4272
616
6996
-244
-7088
-9264
-6416
2244
3392
2940
-5308
-2896
-3360
5196
2276
496
-3760
-5268
-224
6192
-1568
-7192
84
4524
-1180
-3668
-1908
-1344
1812
2372
5428
-2728
-4384
528
5532
7300
-52
-4096
-4684
14800
10824
-2712
-25152
-11508
8364
25524
14308
-10644
-23124
-4112
16344
15520
-9796
-23660
-9620
20464
22952
4516
-19068
-17232
5184
20036
14012
-3268
-9040
-9768
8876
11144
2816
-10544
-11824
-5012
8624
11152
-16
-3952
-8960
696
5848
2800
-820
-1212
-3140
2484
-1008
3908
3580
3232
-2828
-7176
-4212
2140
5324
1048
-10132
-2160
5024
13176
3828
-4572
-4592
7460
10808
480
-6024
-9564
-9040
3828
6044
4004
-7200
-14868
-6584
320
-2468
-5772
1052
-428
3936
1908
568
-2544
3592
2076
2000
1696
6476
4560
-184
-904
544
3596
-520
368
5008
5776
5960
1584
-6784
-7784
-1736
9180
7752
-3052
-5212
-3756
2760
716
-492
-2256
672
-2884
-6424
4592
-992
2944
-5144
-7248
-928
636
-7080
-4140
3408
8620
1508
-11496
-1328
8492
7772
1264
-3124
-4644
3024
7532
2752
-1944
-96
-2972
5368
1948
-432
-2388
-2968
4092
7108
360
-3240
-4856
-972
1892
-1292
-2940
968
-380
7044
2960
-572
-3300
-3644
720
-3004
-5592
-8088
-2940
6060
14120
10744
-5600
-19472
-11528
11020
20192
2512
-14856
-7900
5824
14060
-3364
-16136
-13296
9648
8480
-6088
-7156
-8048
-268
4788
4884
-3980
-6164
-6392
4720
5164
-1100
-6400
-5720
-716
3232
3972
-6660
-4320
2324
5396
-2524
-6364
-3080
4660
3980
-572
-2972
2224
336
8524
2844
-2156
3460
-100
1584
1752
112
-5036
-5568
-2268
2968
-4148
-2400
600
96
4536
3560
756
-3528
7624
4164
3264
-2096
1840
5880
4304
-4172
-5508
-6508
-516
660
5376
656
-3276
-6584
316
6316
3372
1284
-4488
100
-2568
3328
3048
-5436
-10784
-4300
9184
7700
5196
-11220
-8732
1112
7272
9720
-180
-7828
-9512
4392
7348
8648
5432
-1308
348
624
2752
240
3712
4444
8892
3932
-4388
-8084
-2884
10400
2024
-9396
-7424
-4888
3432
8900
1584
-4084
-9312
-2816
276
3924
-2376
-7244
-4452
-296
6640
-156
-8204
-9296
4396
8992
2540
-4748
-7196
-2100
1680
4388
-344
-9392
-2772
8112
6252
-2556
-5180
-548
11580
9300
-6488
-18144
-15288
11476
28972
18216
-12452
-22888
1108
19160
12968
-9352
-16176
1184
10312
10084
-3032
-10448
-5164
3504
9388
176
-10272
-7172
1108
11272
7640
-5288
-10556
-6988
1304
8468
10252
-2116
-10460
-8476
1856
6000
-1364
1140
-288
5924
-644
-4136
-5528
-804
6400
2120
-9240
-5992
2128
2832
-1792
-2852
1100
1664
3604
-448
2284
-704
880
9428
8412
-1864
-8996
-8424
-4220
4720
808
-280
-8864
-9748
-4552
-6036
1240
2080
6272
1516
1356
4824
1732
2944
648
2284
4648
848
-256
2204
636
2444
1144
-2784
-1464
-520
9852
8132
-1480
-9384
-7076
4084
9672
7080
-5132
-9048
-6292
5060
9920
-644
-8536
-3380
-304
2104
3944
1248
-6060
-9064
-712
-268
-5196
-3016
-5580
6608
8740
3804
-5412
1860
6880
6832
-984
-2208
-3376
3360
3784
2916
-4148
-1236
-484
4276
5232
-324
2868
-1380
-308
1296
2844
2644
-1480
3588
-2204
-3212
-5328
-136
4472
6812
-496
-7624
-9040
1244
5356
-3176
-6520
-10236
1132
18236
9284
-8944
-19564
-11412
12776
20136
-812
-17696
-15176
9888
18756
5616
-13628
-24120
-3716
18532
15528
-3524
-13188
-9136
3360
7568
5648
-13736
-7504
6188
7860
2000
-6484
-8096
-4888
524
11632
7836
-2280
-7724
-2668
-2764
-1396
1816
-2876
-1992
-492
1120
3296
1516
5764
4776
-3716
-8352
2436
8588
4764
-7832
-7120
-1040
1300
-6520
-11112
-320
9944
7388
1872
-3216
-1544
4060
3808
5668
9280
172
-116
2948
5176
2620
-5220
-4364
460
3516
4048
1452
-2960
-1964
-504
68
2036
-4496
864
1308
416
-760
4268
-3608
-9424
-6244
940
9796
8288
-2996
-9192
-564
208
13292
5172
-4896
-4824
-1092
9272
11576
5508
-948
-13380
-2076
10112
11680
-4344
-5180
5588
5604
6064
-6320
-9292
2856
3384
-3696
-9336
-8604
-2948
4932
12876
5616
-4768
-7004
612
7340
5276
-3208
-3980
-2500
524
3480
-2988
-2644
-5608
308
572
836
-3380
3948
2056
-560
-212
-7284
-1776
8016
9648
2692
-7308
-64
12744
7268
-7744
-18044
-9632
9012
26768
19692
-8128
-26740
-2008
22708
18272
-11496
-18796
-8544
15264
21940
4184
-15020
-12864
2572
16792
9528
-5220
-12420
-4380
4064
11452
4016
-11752
-17304
1620
6076
5676
-2384
-4640
-7464
-2112
9688
2420
-2976
-532
3536
2392
972
-4532
-6932
2688
5292
-6036
-4672
-192
-168
5556
1816
1788
-1372
3320
4360
976
-3188
812
2584
4776
3920
-1128
-10384
-6216
792
4524
912
-6184
-7292
-6316
-2848
-3684
3356
4264
320
4608
3804
792
1792
4164
-104
6356
3524
4464
-224
2288
1336
-264
4840
848
-2636
576
8180
3244
-8496
-8764
-3112
13864
5688
-7920
-13720
-6664
4224
16440
13348
-2572
-15016
-8016
-1772
9588
12336
-1360
-12320
-14816
-3960
7128
6876
-5820
-616
4320
2148
1656
-1464
1132
2732
2704
-320
1232
-4852
-2332
4084
-2236
916
-704
4832
2104
2424
-1708
-1508
6308
4072
4740
-9284
-3772
-1336
6848
2064
1460
-716
-3268
10028
9456
1480
-4312
-7964
-3296
4988
2512
-4352
-8540
-2712
19044
12816
-6524
-25128
-12744
16244
17788
-188
-13420
-7480
7572
15056
2616
-12504
-16236
-524
6892
5012
-6000
-9056
-4524
5712
3332
-2920
-3904
-4428
3116
7968
4940
1904
-5816
-6768
1800
3372
-904
-4912
-164
2692
-1284
-856
-484
2320
1164
-1200
-384
-1892
2388
6380
1596
2964
-356
-1488
-2628
-1384
-2900
604
-3100
-4036
-11084
-4280
4032
10828
6764
-2964
-684
-416
1636
1936
6684
7412
4588
-916
396
1268
28
-6040
-8464
-4896
-1872
-184
-2852
-3864
-8592
-1976
600
-2100
20
-2268
-3640
-388
4052
8220
-72
-10272
-10104
-236
13864
11364
-304
-12784
-1364
8616
7572
1148
-8016
-5728
7796
7688
6744
2276
-3664
-4640
1144
-404
5640
5884
-2948
4160
4204
5772
-5644
-9164
-2824
3300
-740
-3764
-9464
-1444
2524
3496
-1108
-9964
-5124
6540
7368
880
-8888
-6576
-904
6008
364
-9044
-1560
2584
7996
4960
-3748
-4096
4748
3056
-2256
-10244
-9316
-2304
5196
5116
-1496
652
6852
6876
16
-11208
-16584
-5168
12564
23684
7448
-15024
-17996
3416
18188
12748
-12800
-23112
-644
19152
19396
1740
-11680
-7596
5480
13828
6816
-4128
-7352
568
13780
12976
-932
-5588
-6580
3088
5396
7792
-1352
-6948
-5656
1164
7484
2408
-4740
308
-772
392
-3860
-256
-4856
3480
-6404
-8312
2360
-1176
1340
1344
-876
-4952
-5044
5088
5940
6188
-1856
2132
3236
4484
-5288
-3256
-5556
-2284
3008
1444
1112
-7832
-1152
-7240
-4384
-5296
1488
4816
-3808
-356
-4640
2268
596
2004
2184
3512
2908
3564
3108
584
1156
-804
1260
4788
3840
2980
3644
1856
-2228
-7216
-2444
7364
10000
1996
-9304
-11204
-2524
8124
8040
-2992
-5136
-664
3456
3376
1724
-1008
-3928
840
2508
-5828
-7652
-3508
8152
7672
5392
-7248
-7220
4432
9592
7140
-3632
-13096
-6152
5328
3344
1376
-2276
1992
1476
10224
-3388
-5012
-5164
1956
5064
2860
-552
-6256
3144
2896
-2092
-636
-5164
-2796
5840
9568
-1596
-3580
-7156
-176
3176
-3240
-11488
-4300
12932
15216
5764
-17792
-25972
-4400
16884
9048
-8328
-13156
2736
14072
6516
-9468
-14476
-6496
9476
8836
-132
-7344
-8504
2288
7872
4192
-3144
-6020
-2448
1680
11408
140
-5736
-2448
5392
5064
3632
-1856
-7304
2412
-972
-548
416
-3080
-4184
4712
5908
3388
-2156
1076
2484
768
1728
4176
1760
4668
-844
-4600
-6832
-1060
2676
1508
3072
2464
-1004
-5636
4172
11180
8080
960
244
-3020
3248
5368
9956
3320
-3692
-6628
-6920
3452
4592
-148
-5352
-6872
-2308
-2012
-3944
-1080
-4712
3836
580
1648
-428
-2740
-4656
-4492
-3248
1712
8944
3820
-2204
-6872
-5064
6284
8140
8416
-7748
-6188
-6120
7516
8632
3776
-5584
-7892
-2092
6068
11204
1788
-2192
332
7932
660
-8396
-6028
5048
5128
-292
-5568
-7000
-2276
3896
1384
3500
-444
-5496
2936
4492
7564
-464
-1180
-952
608
4816
2860
-5400
-2268
8
3724
4492
-3348
-6704
692
6832
1008
-5236
-5516
100
6272
4976
1108
-5424
3716
9612
4880
-9028
-11484
-3116
13372
21292
5968
-16792
-16500
5616
20504
7792
-14520
-18536
-2496
22256
13732
-7504
-13120
-5712
11320
13336
1664
-3516
-6308
220
8784
6452
4056
-11272
-12680
-2268
8612
13300
-1192
-10584
-9596
-240
3732
852
-276
-1008
1032
-3060
-3448
-1576
2004
5360
-3680
-1368
956
-2852
-512
-2548
-4344
6480
4196
1640
-4464
-2572
7112
8136
2632
-5444
-9724
-10776
64
7304
1000
-1748
-10676
-12384
-1740
-244
-3960
-6448
-4128
3720
5636
2140
-200
-1408
6828
6552
6340
4184
916
3160
276
-152
1340
2288
-1668
-6276
2352
11904
6808
-1288
-4896
-5476
4688
9796
1380
-3248
-7300
-1792
868
5416
-780
-4324
-3712
12
3428
6548
1568
-11880
-13984
-2632
4508
1680
-10176
-3960
6184
10352
1968
-1656
-5796
-1456
5968
7888
3672
-3484
-9208
1868
3744
6136
-3936
-7420
-1572
-240
5976
2424
-3168
-632
3248
1564
-812
-2560
212
-5232
8
2484
2724
-1496
3168
2204
2556
-3512
-8472
-7520
-3820
-1444
-3340
-6344
7008
8852
-2588
-18944
-15572
5376
17188
4400
-9092
-11732
828
12840
10064
-10788
-17976
-5784
5336
10884
-6056
-9780
-7936
7108
4132
1620
-1944
-6460
-576
3996
8488
1376
-7344
-3980
1952
7780
7760
464
-8052
-3980
-768
2472
5868
-188
-2792
-4392
560
7004
8348
6660
-3048
-204
-1404
5988
4772
-2012
-1840
2584
-1232
-3204
-4328
-5316
-1344
3048
3852
3920
5268
3392
2604
348
1808
8208
1540
1692
5420
7328
-168
-8408
-2580
9720
-1296
-4648
-3816
1240
1664
-852
-8192
-5072
-132
3272
-1992
-1400
-652
-5796
-1300
-2300
-1400
-416
6776
8972
4944
-7688
-8616
-960
4668
6188
-3840
-10760
-2352
6352
6540
4520
-2692
-5528
-1600
2468
6612
6788
3000
-4884
-4140
6968
2164
-9136
-6052
-2608
7144
-844
-4380
-8436
-428
1152
2812
-3012
-2076
812
-7552
-2596
-60
1588
4152
3504
1500
224
-2192
-588
-3940
1504
3824
-2140
-7008
-1768
2492
352
-5664
-2616
3252
4204
4928
-2664
1232
11472
5916
-6356
-12404
-9588
7528
15424
16108
-2700
-15976
-1144
12036
5872
-5140
-16668
-7340
12712
20316
5384
-12572
-10880
548
10796
12468
5348
-6684
-8304
5352
11180
2988
-4468
-9832
-5332
7028
5732
2044
476
-9832
-3316
924
3580
5248
764
-1116
3424
2952
-1856
-4872
636
-484
-6152
-2712
2312
4916
-5144
-9836
-2552
6252
5056
-300
-5940
-1352
7692
10304
-1652
-8016
-2356
-4172
1764
912
3720
-7508
-9040
-5260
3488
6808
-7432
-5768
2520
7168
2720
2164
252
-2008
5036
4820
3032
1736
2916
1612
-4484
-4100
2784
1692
-788
-3008
-516
8096
3748
-3008
-4700
-552
5912
2908
3420
-4656
-3036
-5936
2004
6684
-1636
-4236
-9780
-6116
3796
14908
-2284
-9432
-10232
-2016
-888
-6852
-4256
6396
4144
-1980
1500
3488
7732
6288
0
-4728
-1188
-544
7032
2180
-2944
-4948
-3488
2460
5224
-680
604
1724
1048
680
1432
-2700
1024
-1436
3344
2220
1868
-2352
-160
5212
6136
3324
-4228
-4504
-364
-4800
744
1008
-2788
-1588
7496
10268
-6032
-14176
-9472
8032
14164
3084
-7704
-4552
10476
9096
-1596
-12720
-10760
4756
6828
-2376
-2328
-2304
764
4140
2404
1908
1428
1256
-1228
-1260
-268
424
-6264
-2460
-1448
5516
5412
2420
5256
-4528
-5284
100
4820
1664
-800
-612
-2944
760
6576
6468
1292
3276
1300
1468
-3420
-4540
-104
-1692
-2652
-3200
-2848
-4180
3180
-1136
2532
9812
5420
736
-6044
-2640
9744
12000
3784
3400
4396
-1448
-7816
-7708
3144
2876
984
452
-5052
-5252
-1580
252
-5504
2156
3416
480
3756
-2736
3404
-4472
-480
-6736
-7380
5020
2372
2408
-4168
-3712
5448
2760
3020
-80
2432
-5340
-2568
2260
8396
11140
-960
-4792
-2236
8092
7344
-424
492
3328
6916
-928
-4568
-6036
7668
1040
-7564
-5612
1120
-1840
3516
-2964
-1556
-7792
-5664
5368
6220
-1808
-6056
-3844
-468
-1464
752
-2992
1728
3292
-1344
-1484
-2684
2028
1844
6080
-3732
-3256
-780
2160
7220
2972
-1232
-60
3412
4024
2152
-11712
-10796
312
16812
20212
-3064
-21144
-12376
10040
17564
1852
-18068
-14456
10684
21988
10028
-7096
-16348
-2964
7312
11076
4888
-5504
-144
884
6456
9784
556
-7552
-8584
-1588
7536
3692
-3840
-7736
-4824
2560
-2240
-1564
6516
-1900
-3612
-2300
3948
1820
2676
-4284
-11536
748
1332
2776
-744
-1808
-4756
-2020
8128
4440
4244
-752
-4020
2736
-540
-1408
4296
-2236
-6212
-2948
-2724
-808
-244
-3216
-1972
-3260
-8708
-2580
2300
6860
3444
-676
-1120
1168
8144
1004
1740
-1904
2588
1780
1012
-2620
-292
-436
1724
-748
4424
7288
4992
-1940
-4816
-8532
3772
11212
6356
-5328
-12092
-4320
5340
5076
2400
-1316
-6272
-7120
3944
9740
3376
-8180
-8060
-10664
-3140
3236
-696
-4140
1532
10892
3376
580
-4424
-1212
6152
7904
840
-6832
-5800
3060
7560
1536
-4952
-6952
804
252
3272
1916
-3284
-116
4444
2212
5292
1928
-836
3124
-60
4236
792
1132
2036
1552
2696
992
-2712
2920
-548
-6752
-6568
768
10804
17076
-1608
-23668
-12896
11820
13832
-1132
-10784
-9812
13504
20188
4660
-14900
-18828
-328
12268
6480
-7592
-16756
-8152
3892
9564
2828
-8896
-10624
-4800
5588
7664
3820
1840
-5916
-3236
-504
6048
5136
-4664
-7068
2280
5872
40
2108
-2684
-1840
-940
1288
6444
8552
-4012
-4556
-3540
6936
7660
1000
-7452
-6696
-2760
4432
3428
-7000
-11520
1988
7832
4528
2496
-5560
-1180
-100
4776
3200
-1460
-2588
4896
10356
-1672
-9076
-5040
4368
1720
6884
-4212
-2612
-5588
-3768
5076
2584
-4792
-2160
-112
5064
296
1428
-2860
-5176
-9824
396
8548
3176
3932
-8536
-8544
3336
7904
5640
-6792
-5612
-900
7724
7748
4976
-272
-4660
-9616
6932
14008
2532
-1404
2436
8396
1480
-11304
-6728
3516
7016
1220
-12840
-10744
-4288
768
6284
3208
-3348
-4980
1292
2488
4400
316
-2828
-3696
-1376
2144
740
1080
-4544
1808
3336
3588
1272
-784
-4920
48
1112
548
-4712
-2524
-1356
4032
3112
5284
5552
-60
-9376
-13192
-9420
5268
16240
19252
1968
-20036
-11876
13416
14796
-10848
-16232
-3828
12616
15076
924
-8812
-6308
24
10460
11648
2960
-7536
-4316
6660
11180
1456
-4224
-9656
-2112
8652
9476
2612
-4584
-8160
-2288
-60
1548
2972
3416
-4540
-4064
-1012
4164
1860
-2260
-1180
-2312
1696
2832
-1048
-6880
2572
-308
-1444
4308
-960
-152
-1196
3780
7980
3116
-2988
-4676
-3400
-2188
-3572
-504
-3692
-6384
-4644
-1988
-1576
-4696
-184
2984
4240
-5216
-2828
292
3360
8548
2616
3880
388
2144
1392
-1532
5100
948
4732
-3648
-2444
3844
2856
628
-300
-6592
-5280
-4348
6540
6560
-408
-2648
-9236
6744
5336
5160
-3800
-8484
-2136
3244
2372
-4640
-4836
-7380
-1192
-3560
2872
5424
-1368
-3076
-7956
-2016
10180
10288
3972
-8812
-5652
2188
4136
3548
-1264
416
-3632
-4004
-952
-1624
4160
2276
1064
2900
1096
396
-260
1040
1292
976
1220
-748
1420
-1104
6836
5596
-1484
-1908
-5696
692
7052
-1916
-10060
-4536
8084
17548
6848
-10844
-18360
-12064
13312
14400
-3004
-15780
-6484
12724
16668
-5756
-21828
-10772
9520
12348
1728
-11164
-8980
3028
6804
-332
-360
-3980
-48
7236
4452
2916
-612
-5236
-356
4792
5316
2432
-564
-2148
1492
772
-1364
-1484
-3584
1884
2156
64
-700
4224
-2284
-5332
-4440
-784
4804
5384
-156
-5292
-4476
-1784
3864
-1440
-4128
84
6436
4412
-668
-6524
140
7160
7292
5512
-376
-2820
-2400
3944
10400
6112
-3572
-6668
-548
6156
4796
-3164
-1736
-5376
2236
4320
-3176
-5096
-3396
-2232
-808
4800
960
236
-6296
-364
3516
12624
5128
-7492
-9000
-7616
3728
15548
6848
-6820
-3000
-7724
3476
380
7536
1140
-4004
-1564
7376
6764
-448
-3856
3496
6452
-2764
-10480
-1956
3416
5684
344
-6324
-4040
-172
-2680
-2000
380
4928
-740
-1256
-2300
228
-1996
404
-1708
-768
-1496
-2336
3248
-1720
2688
-2192
-3388
368
3176
-1176
-1996
-4896
-6948
624
628
4192
-4600
-2044
2132
6336
864
-12904
-13444
-4244
10056
18164
11996
-9000
-14376
1796
11348
5672
-5676
-18896
-4332
14924
16596
-780
-9756
-7248
6284
10884
2388
-3156
-5548
-3376
4356
6940
216
-4800
-11848
-4436
-2296
5612
2428
-2216
-11624
-2652
-1420
632
3068
4508
1608
2088
-4016
-1504
688
5244
-3876
-10344
-3496
520
292
-4304
-6928
756
9304
3028
-3076
-5360
1376
10012
11620
3580
-6696
-4824
-5400
-2576
3252
3336
-5072
-9576
-4388
-3040
-6540
-4000
5668
7304
3516
-4220
-3712
-336
3532
5884
2880
440
1496
3960
-708
2168
2556
280
2388
104
-1696
2856
1912
2604
-6332
-3840
-3488
10148
2760
-3668
-6660
-788
1896
5556
596
-3804
-3732
880
3232
-1904
4288
-3708
-7696
-8024
3188
436
-4228
-3836
6364
1924
-1248
-3596
-580
2880
7468
1456
-1480
-3904
2800
-224
4964
1896
-1896
-2264
-4608
2116
1616
8580
-20
-1776
-6380
-296
1444
4504
544
316
996
1212
2588
4112
772
2112
-4576
-5340
-1912
-2328
-4072
-564
-2720
100
3228
6836
4200
-6292
-11296
-6568
10968
5816
-6152
-5676
7512
10856
2864
-9664
-11652
296
692
-724
-7896
-9112
-3060
4832
6256
-3368
-5020
-748
9768
2568
-2360
-1772
-1852
-5188
860
5120
6944
-1348
-5948
-2692
1648
3920
-832
-3448
2404
1992
-2532
-2584
4428
7264
3044
-2896
-1840
1440
4996
2176
676
-5988
-640
-3732
1108
-3864
-3288
2124
840
1332
4084
4232
-688
-860
3920
5912
6448
-1508
4724
6708
3756
-1976
-1488
348
1588
1800
-5460
-992
3248
3260
-3980
-2396
-2620
2336
7180
2072
772
-6156
740
-3180
-6964
-3812
6108
10636
3964
-4196
-9796
-2584
5832
7340
360
-8424
-4748
2740
9648
5692
3576
-4612
-2528
6668
10712
6048
-236
-584
-1172
-116
-3592
-5060
-1284
1368
-180
-6748
-6464
684
4928
3248
-1464
-2600
-4256
-732
992
-3704
888
464
532
-1408
-2248
3416
2272
-1808
-3916
1236
200
652
-3452
-3264
4932
3772
-3208
-7284
5536
6368
1028
-1716
-428
12292
10436
-4236
-14696
-8808
7668
17768
15964
-8380
-18056
-3412
14480
9520
-5240
-16820
-7380
13792
20552
5968
-14428
-12028
3648
12104
9496
1728
-6028
-7516
-4740
6652
-524
-8824
-8964
-368
9092
2480
6032
-4916
-7936
-4512
932
-284
7568
-452
-1628
3576
600
1512
-44
248
-4092
-7292
2740
6104
7424
-7928
-9488
-6196
5824
12752
-1112
-5420
-3008
11300
3132
1492
-6192
2016
4756
-4588
-8384
-4076
-3544
-3924
-124
-2484
-8796
-7748
4552
14276
7876
-5628
-3912
-3992
7344
3432
1084
6732
2780
5160
3564
1868
-1120
-1680
-4060
408
2652
2996
4576
1448
-3372
580
-520
5308
6032
-3112
-4320
-7764
-692
5024
6204
1000
-8780
-7828
-7124
8668
7268
-748
-7208
-3572
2012
-4360
-1264
960
5152
-2656
-2280
-984
2808
12172
8968
4100
-2620
-4952
1896
2480
3244
-552
-580
-840
1956
-1428
1920
-332
-1404
2432
-576
-368
-1628
2600
5972
2220
2052
3188
1772
-1936
3240
568
1504
-2148
-6644
-3424
-6788
-5564
-4132
4636
12336
13744
-2932
-18124
-22092
-840
17528
7652
-16168
-16784
1600
21328
11052
-6864
-18012
-10208
8012
9496
1804
-6552
-6680
-1504
8952
5408
-3224
-5220
-8416
4436
11256
7848
-7984
-5768
-5552
3872
7344
4972
-1364
-4704
-5352
-1960
-620
2472
-1396
-6152
-4224
1988
8480
3296
3784
-32
3232
5556
2332
-5008
-6900
-2668
-1328
-1256
-4944
-4660
-3932
-1420
2028
8576
692
5020
-2408
24
9260
3820
1872
-4008
5480
7080
3952
-6752
-5496
-5052
6792
4136
-2140
-10148
-7236
-1188
-1148
3404
368
-4356
-4656
-2092
-724
1348
240
2228
-664
-7740
-1296
7916
4692
-4204
-6708
1316
5628
7604
5384
-8388
-9936
-940
11032
12788
1236
-11076
-9152
3192
11764
6940
-2572
-3256
-724
1504
-2200
-468
-1028
1920
-3064
-10236
1336
2080
-472
-2844
-1124
3268
-3260
-1380
32
-408
-3596
-5536
-5592
-112
1312
2044
1396
-4560
-4016
-2032
4720
424
-1168
-3020
1208
4480
312
-5252
-3656
-808
6612
1000
-5376
-312
9784
10308
-3184
-15892
-6560
12204
20284
7412
-17360
-15172
7024
16004
9332
-11548
-18388
-232
18228
19860
-1856
-14800
-13708
5608
17576
10420
576
-9972
-4292
1452
12496
2196
-7280
-8772
-9436
5824
11800
580
-5708
-1956
6920
3964
3404
-3616
-2608
-3204
2300
5652
1024
-3340
-2688
-3828
-5268
2284
5388
1532
-2076
-5816
904
4576
7416
1516
-2536
-484
5308
7036
-1704
-8848
-7076
-1760
3940
-2720
-1308
-9316
-6840
-3184
-800
-3148
-1204
-2016
604
2068
3740
-1072
-4532
2356
-1468
7244
4536
632
-248
-360
-2372
1080
2968
-3216
-1620
736
3888
7044
4592
-5664
-4232
280
3624
5744
-7380
-6728
1468
5032
1856
-3256
-2068
-7184
-1680
1540
6192
3372
-6072
-7396
-540
-2832
-9064
-4904
3388
9592
-60
-10588
-2796
6504
14436
6448
-4912
-4488
-1180
2668
4008
4040
-5188
-7824
-1276
6492
6996
1100
-4712
-24
2664
2124
2400
-2816
-6828
8780
8156
1444
-6112
-1340
896
3852
2512
1492
2412
-2304
3220
-1204
-4172
-1604
1468
5124
8796
6724
-8268
-13796
-5528
11328
1432
-1760
-9792
3016
9852
4668
-10376
-13372
-5904
5284
6788
-3504
-11896
-4900
2964
9172
2316
-5512
-7848
3484
6920
6400
-2228
-772
-1820
-224
2536
3248
1400
-1160
-5640
1944
2728
-7116
-5208
7676
4148
1840
-2520
-2396
3020
6396
-2624
-1716
200
6920
-844
-3412
1980
2904
-4088
-4032
-6556
-3840
3540
-3448
8456
5552
56
-6348
-5704
4568
14432
5140
-7220
364
5500
6476
2296
-5092
-1096
-2700
-304
-1140
-3964
-3956
-4820
-1904
308
1292
-5500
-5964
-4468
2968
4528
-704
-4740
-7044
3544
9136
9200
-1920
-7448
-8520
340
7048
10996
1412
-7544
-1768
6652
6912
848
-4124
-6404
3492
2384
3540
-7920
4816
7220
6900
-5252
-12348
-4112
4596
6844
1296
-9804
-8108
-232
5040
6232
-3020
-6032
-3388
1960
8092
440
-5104
-3448
-3312
3600
2644
-2496
-4716
-3460
-2740
-2128
-2020
2172
4292
4412
3076
-7552
-9380
1740
9528
8560
488
-4552
648
11356
12700
-4480
-15788
-15936
2852
22736
18240
-2472
-21940
-7824
16356
17640
-6112
-21308
-8436
12856
22452
1184
-15756
-14632
-1268
15224
11180
-524
-13336
-6692
3532
10600
6712
-3572
-12732
-6076
5748
10316
-1764
-5768
-4696
2484
6908
-4
1840
-2316
7116
792
-1612
3356
-3148
972
-2480
-6592
-6224
-1852
2316
-144
-4324
744
2256
740
-1724
-1752
4284
7356
2660
-552
-2240
-292
-4116
-4452
-7028
620
-3124
-6476
-1620
-4272
-4664
-8156
-2220
1944
10496
7960
-116
-676
-2596
3836
-1020
2520
5840
-1312
-3552
888
3776
5648
-2296
-8076
-5044
9580
15524
2408
-10204
-16684
-2396
11984
13988
-3880
-15988
-8908
1204
6508
4552
-2240
-7224
-9116
2632
7516
1440
-8812
-10440
-964
2524
-7496
-7124
1292
5672
4016
-3560
-2848
8392
6320
2248
448
3664
80
-1004
-1144
2172
5096
508
-4376
-1416
2028
-2248
-396
380
2768
6968
1252
-5080
660
5192
6464
-508
-3880
-2488
-2000
7072
5040
4916
-11280
-7528
1220
9152
-4488
-9512
-8580
-1452
18108
12168
-3836
-19024
-11852
5692
19372
816
-14968
-10600
7200
12500
1104
-10364
-16936
8196
15200
3412
-11044
-14072
-3900
12024
2428
-1032
-6092
-4232
1692
4080
8656
-336
-6476
-7084
3388
6656
1684
-9312
-4916
3088
6728
-5052
-3396
-3056
2288
5652
-3008
-3044
2176
5636
-1336
-1464
-5188
4020
5352
780
-4664
-4520
-4124
5180
1584
-2068
-6124
620
6208
5264
5184
3248
-6280
2800
4996
10156
3112
84
2728
-1128
-1256
-3108
-532
-3796
3920
-68
-1888
-6180
-8040
-3540
5000
1116
-2848
-6048
-2032
3588
4144
7048
-5320
-10156
-6992
3356
13372
4532
-5620
-10636
-2248
11224
6892
-4200
-7700
-2864
8024
9936
7740
288
-4108
-5264
48
5560
10032
-1116
-2476
7568
5700
-4352
-8740
-4052
5624
9528
-5996
-14280
-8164
4080
6404
4140
-836
-6428
3064
5072
5116
2516
-2536
-5988
-3368
4408
6332
-488
-2256
-4372
10076
3192
-3628
-9160
4960
7216
5348
-6456
-10652
1544
8580
-236
-812
-2052
8372
16792
900
-11776
-18316
-5008
13052
24576
12440
-18176
-26548
-1540
27592
20540
-5600
-22712
-10612
13756
19744
5580
-15956
-13660
120
14968
6820
-3840
-8256
-2260
6744
14664
1556
-10252
-11496
-5672
9984
7828
1292
-6008
-5316
-2928
6340
5444
-2284
-5456
284
4260
-1712
-2088
280
2232
-2636
-4616
-8884
1028
5900
-396
-2360
-4200
6332
1664
5152
-772
-3864
-296
2492
1176
-3144
-5284
-11516
-8312
-4752
3652
4644
-6220
-9140
416
-2496
-3480
-876
2632
-4148
412
6720
5576
2580
-2428
2664
4376
9624
3072
-3116
-1576
2236
6696
-1384
-6420
-3732
4420
10664
1104
-3832
-9020
-1360
12188
6828
-880
-9532
-1616
1392
4452
1264
-4252
-6156
-2172
2496
5312
-1868
-5932
-5720
5756
-1064
-8904
-6012
7772
8604
3076
-8316
-4920
3564
7364
2248
-3696
-4012
-3312
340
11856
3612
-6264
-9384
-4452
6564
5736
-1340
-5248
-3108
2892
5020
3116
756
-2168
-4768
2620
-832
1892
-904
-2180
5040
3384
-4800
-8024
-2016
5288
3844
-6484
-10412
-8284
6056
14304
3212
-8436
-12280
-7216
10840
5652
-2716
-6624
1912
16644
11020
-8788
-17984
-12000
8272
13436
4728
-9888
-12404
1776
5736
9988
-6116
-8912
572
5508
7036
1296
-4252
-2068
1244
5112
8980
-1720
-6336
-5036
3760
6436
236
-9284
-3728
284
3896
-624
3172
2648
1172
2748
1928
6528
2380
824
-6556
-3072
-8072
-4720
-2032
-2216
-1560
-560
3896
2308
-3096
-2712
-1528
560
3196
8656
6724
2940
4172
4796
2564
-1260
-7572
2568
-6188
-8
-336
756
-1688
-6232
-7668
-9524
2096
1888
836
-4148
-4112
2440
-4108
-1448
-7124
812
4020
9392
964
-10120
-9232
-2840
3368
7304
100
-3204
-6956
7000
9692
9400
1540
-4148
-3512
7824
9408
6860
340
644
10088
6512
-1548
-10032
-4108
7660
3940
-5296
-10468
-6120
-5684
6364
5016
-2220
-4520
-5536
3552
6792
244
-5408
-6988
4852
8364
6268
-10728
-5208
-368
7464
2360
-916
-5404
-136
1748
2960
1412
-3400
-5464
4212
9948
-1724
-2152
6844
11204
1164
-10616
-18680
-6592
15700
26948
10184
-15796
-20392
1328
17424
8572
-12792
-22056
-2132
17592
25360
-580
-16364
-11720
6488
14072
8780
-3564
-10048
-4616
7128
8300
10232
-2732
-12244
-2032
13848
9504
-4272
-5416
-8676
-4116
4852
5352
-1160
668
-3968
5016
3872
-4816
-2052
3388
964
-3988
-6540
-400
-1516
740
52
1868
-960
4008
1672
-1676
636
2160
2056
-2900
-1132
4520
-7308
-12424
-68
4760
988
-6224
-9516
-6276
-320
4052
3036
-24
1996
1452
1376
2636
108
3408
2456
-2832
208
3684
-3712
-1320
3544
1604
3132
432
168
6012
3828
-2996
-5416
-2100
4004
7152
1804
-856
-2580
-2384
-1336
8
3244
-3048
-10436
-7616
4816
9584
2124
-2988
-9624
-312
1304
-4
-1148
3648
424
252
1804
80
2652
8844
6416
1164
-1520
-3308
48
1736
4728
-5352
-7616
-380
3748
6972
-2292
-5980
1040
5580
2032
-952
-132
-72
4176
1156
1184
-2880
-4004
92
7060
6088
-32
-5080
-1672
-564
-1720
-4744
-5372
1256
11780
10744
-2320
-7600
-13480
4504
14392
6252
-17332
-16744
-2208
13232
9768
-8772
-14384
-6620
10812
11756
-8576
-11476
-10672
1480
9768
3012
-1472
-4628
828
5148
5360
372
-5132
-11456
-3920
8912
4436
-1072
616
-3452
-716
3016
160
1460
-3668
1088
-704
2588
5432
4852
-2956
644
4572
-504
-1208
304
-6092
-776
1452
-5500
-1900
-5560
4884
6540
2944
184
2984
4024
5212
5212
7972
-52
-348
3152
5464
2556
-324
-3604
-252
2464
-1596
1888
-4232
-3300
2220
-52
-3916
-4580
-628
272
-1372
3284
164
328
1100
-6544
-8916
-1748
3944
9148
6776
-2700
-9280
2960
8840
3440
-628
-7720
-7148
3160
8184
10140
-1724
-9140
-3116
3768
13420
344
-5872
-1072
5368
7192
-1244
-8364
-368
2444
1436
-1584
-588
-6712
-6964
2144
4020
-2688
-4084
-1120
-1932
8464
-1700
-11048
-3428
2488
5664
1684
-4864
-7500
-2052
3476
-792
-5216
-3500
-56
2660
2500
-5752
-7228
1456
11184
6712
-1232
-9632
3812
9404
4300
-15544
-23988
152
17504
23180
-6436
-26448
-7084
17896
17068
-1156
-19428
-12020
10996
25316
14172
-9548
-17144
-5732
11972
15600
2772
-10584
-8492
-872
10112
13128
-4588
-14548
-4152
3748
7036
3196
-4300
-9688
-7028
680
2664
1024
-3340
-3292
4348
2572
2708
-2820
-164
-1964
-3600
-6356
4616
2352
3332
-4572
-4592
8408
6516
3260
-5352
-1008
7836
11272
1324
-6904
-5944
-1524
452
-2744
-1884
-2816
-8348
-968
1824
-7908
-5972
3008
2908
1332
-492
-520
3924
5936
868
-2884
3800
5640
9196
3784
-4188
-2764
-1352
2584
4612
1104
3100
1000
2116
-1180
-1600
-2504
7240
8068
2876
-3856
-7684
-3620
256
6540
1768
-7996
-7804
-2392
5192
4484
-1808
-4860
-3304
-1288
-5200
-2072
5448
7108
1304
-2624
132
-3008
7612
3832
4776
552
-5432
-5176
-192
8444
5684
-2252
-4420
-364
2068
-20
-352
-2300
3216
2404
2940
2248
-5632
-3052
540
972
2360
-1412
-5300
-468
3360
7156
-2344
-1908
-4124
1272
-6240
464
-4216
3296
16560
6992
-7076
-18224
-15072
8788
17784
11436
-16000
-7368
11748
11760
1496
-18444
-7848
9936
14988
5668
-6228
-14816
-1148
8336
12040
1928
-8584
-13068
648
13252
6924
-2300
-8636
-6728
6224
8532
5108
-3460
-2748
-920
3176
2488
1528
-6408
192
3092
6080
-380
188
3856
636
712
3888
3716
-1484
-2980
-5120
-2816
812
-4040
-1420
-864
2508
6436
1320
-1488
3648
2436
4436
1680
3276
2784
3320
4732
2360
-452
-2380
-7924
-4256
-676
200
-1536
576
-2680
-5420
-4988
-3280
1604
412
3344
-3176
-4512
-2304
1140
3228
-1244
-5112
-1524
9604
692
-588
-3516
-2272
920
540
2564
1008
-2976
-172
-804
11968
1052
-8052
-13820
560
8016
6896
-1304
920
804
244
-2412
-3368
1848
1088
-1488
-8752
-5296
-3504
-540
2652
2740
-3784
-6340
-496
1304
3432
1860
-8504
-916
-468
2012
4960
-3344
724
1328
3804
3932
984
-812
1936
2544
3508
-4136
-13660
-4156
3108
7588
7504
-688
-6216
7844
12324
-2572
-23064
-11868
10636
21648
16108
-11868
-21936
-2900
21760
17840
-3588
-26892
-14380
12116
23496
716
-19976
-12064
4700
15032
12024
-1000
-14028
-7168
4892
10376
264
-6900
-12116
-4116
7928
8468
-800
-9344
-8544
2716
6396
2204
-2276
-300
156
1696
-2076
1576
1136
-5352
-2988
-3400
2160
-936
8
-448
1168
752
-4592
-1544
4048
88
-1840
1764
6084
-828
1172
2292
-1588
-6964
-1584
-48
-1228
-1360
-4052
-8376
-6324
-1500
6188
7236
-4332
1336
4436
8156
500
8024
-3592
3244
5820
4556
964
-356
-732
1780
1292
600
1420
4644
8528
-892
-5860
-6160
-5028
10172
7572
-760
-3744
-3240
1320
4072
372
-6996
-7644
-2984
3384
10868
3172
-4208
-6740
-4932
2088
-2288
-2068
-784
244
2552
-204
-812
3352
7280
1600
2872
-1800
-2696
3356
2628
5632
-2704
-5048
1504
3116
1788
3700
-4876
-6256
-1692
1152
2948
5744
-1420
-2584
3068
736
2028
-800
-240
3756
4308
1424
-1228
-4164
1740
84
-3340
-6332
-4784
4156
16080
7792
-9900
-18552
-13084
7452
15652
-1744
-10236
-12444
8108
10504
2240
-11876
-13368
-2876
8156
3956
-9204
-16536
-5796
6736
5840
-588
-7068
-4392
1832
5008
4956
-1196
-2608
-5380
1264
6308
8308
-2140
-8028
-6076
5544
11508
1096
-6596
-6396
-1868
2176
3600
4808
1316
-1796
-5288
5248
10344
4428
-4364
-5328
-268
4368
5296
-4312
-10848
100
14080
6048
-4
-3000
-8784
308
9592
17124
5252
-4228
-4260
9904
7136
2528
-6812
-8364
-2008
6804
6768
-1896
-1480
616
-4532
2524
-864
-452
-4148
-3116
-2032
-4976
3024
-2712
-11272
-7240
6344
4536
1496
-10020
-2412
-1324
6568
7000
3492
856
-9404
-3992
204
9240
5648
2716
-5984
1376
3676
5668
-3112
-924
5716
-348
-6524
1724
3028
3732
-4296
-4648
24
-3672
-7780
1828
2924
372
-808
-1692
-2420
4172
-3332
-4364
-648
652
1280
-1096
4856
1948
2404
-2944
-1732
-60
-4584
-3440
-8
-208
1772
-1976
-432
1436
7040
-584
-2756
5892
14872
-1924
-21860
-19964
2092
23956
25732
5124
-25080
-16240
9860
17340
8024
-17388
-18324
564
16972
15076
-4128
-13340
-2708
9612
18024
3812
-7008
-11756
3304
11256
6416
-3952
-7808
-3780
-220
8736
6976
600
-10816
-4228
936
-844
-2312
632
464
-340
436
2524
1224
528
1208
-6456
-6012
3244
5468
-1324
-2820
-2648
1676
3144
2148
-1712
80
5596
6124
4248
1352
816
-4012
-6644
-8776
-1604
1472
-972
-224
-6356
-10256
-6424
4040
5356
7704
-7028
-1140
-5756
1496
8908
3416
-3248
128
5372
3968
-536
-3504
-2456
-312
2972
-2400
-2700
5200
4004
-1192
-5388
-4356
504
5296
-252
1728
-5152
-3316
-2136
1096
8824
252
-8136
-5960
672
8588
2144
-8884
-10428
-3112
2340
4720
1728
-844
-4332
716
7208
7408
-3596
-4444
-1324
3240
6400
568
-1736
-640
2484
4568
676
-3588
2404
148
3940
2264
2140
5400
-1096
-2860
176
-404
1948
1888
1924
-488
180
1116
5772
4216
1248
-4896
-6576
1608
4136
-336
-5532
-1492
10984
6488
-2992
-20356
-14344
12232
19716
564
-17960
-11572
10192
20988
8276
-9880
-16308
-4552
12012
10272
-3304
-10528
-9124
-500
2060
408
-3140
-6804
-6156
4700
9324
-1432
-6028
-2444
988
-72
4716
2108
24
-4896
-5932
2112
3616
4228
-7488
-7776
-4720
512
7816
5612
-868
-8188
2392
7220
6928
2232
-10032
-9116
-20
5432
-1616
-9556
-3296
7824
12872
2156
-7784
-4476
-548
6440
8316
-840
1220
4312
6340
5760
-696
-7304
-11008
-3668
7692
2276
-4456
-7444
-3860
-352
568
-2520
-2068
480
4860
3084
112
804
-5156
-9780
2368
6764
7712
-2920
-4536
-2144
-3148
3672
2352
4620
-872
-796
-240
5728
3452
2496
-3892
-8184
84
10224
9088
-3972
-5640
-296
8536
-1132
-4944
-3760
-6552
2576
6244
-3924
-8020
-7764
1924
6608
2084
-1688
-7744
-5108
-640
3812
2428
-2044
2796
820
3944
2780
-2616
8
-2992
380
-1304
-1876
5032
-4104
572
-4
-5508
-4496
6708
10248
608
-4176
2312
15532
-128
-20508
-24360
-3668
21740
19836
2696
-20140
-20180
4748
16976
12024
-15088
-20484
-4540
19004
21204
-2444
-19672
-14044
11048
21276
10804
-13044
-10592
464
6460
8560
148
-5044
-7252
-4796
2564
7424
-6588
-8360
-4896
172
684
1456
-2264
-2144
-852
-3812
16
2564
604
-3440
-5432
-5260
2220
5908
1368
-840
-7692
276
-784
8084
1016
2632
1068
-760
5608
-1088
-312
4316
-4044
-4572
-5600
-3336
-3980
3492
-4884
-6376
-8220
2516
5628
4508
-2404
528
1724
-1020
932
1424
7160
1120
-844
4440
4788
-2404
-3076
-1564
256
3792
2200
2252
1904
-248
-6100
-10064
4868
2816
-492
1220
-3420
4324
2444
520
712
-480
-7904
-10300
-2916
5804
3032
-5948
-6604
-6536
-3928
-5924
724
1756
3868
100
2488
4648
5300
8160
604
-5184
-1076
596
4872
460
2224
668
2456
-2460
1308
-196
-3072
4136
-1656
4788
500
-3844
-5336
216
6712
8056
-3016
-6528
-864
3592
1884
-304
-5048
-4400
-4172
3396
752
-4220
-14056
-5208
9812
17740
2152
-16164
-18120
-4360
16672
14372
-7848
-15404
-6788
14028
13244
-7780
-19908
-15028
9896
16876
5556
-17040
-14656
-1260
10864
8448
-4580
-11940
-3248
5876
9372
7164
4336
-10808
-9200
1868
11328
5740
4424
-3716
-860
-2820
-1100
6648
420
-92
-1244
-1000
2716
7196
-1148
-3172
2932
6528
12116
2148
-10508
-6524
-32
3532
-684
-8004
-6856
5316
8120
3872
-320
-5516
-4520
760
6080
9008
1528
-2264
3728
9248
2748
-6900
-7996
-4112
4152
828
-248
-2564
-6232
-9248
-2448
3292
3156
-512
-1520
-804
-156
2208
224
-5852
-2616
-2276
1428
6604
1712
-1568
-1568
-4784
3756
2376
-2132
-2116
-224
5344
5996
5264
-1532
-6648
-3076
2792
7684
296
-1992
6528
4024
-3264
-3824
1960
3032
2732
4696
-2904
-6200
-1924
4076
2324
3504
-2864
-4660
-3416
5388
4708
612
-3112
8168
1404
-736
-224
-5240
952
720
1256
-3216
-4032
2412
3040
1588
-1284
-9680
-5172
2116
4640
4200
-2256
128
8348
11880
-6632
-20488
-18196
4112
24976
23848
3892
-24292
-14440
14556
14084
-800
-21228
-11856
9024
16584
8484
-7664
-15580
2136
13024
8944
1568
-9264
-6276
5644
9968
2836
-6156
-9128
-6168
5736
6936
3036
308
-4900
-6896
-420
356
4204
-416
3068
2592
-2408
-2884
-244
7504
-1828
-4288
-7116
-1052
5540
4164
-2140
-6028
1428
6716
7368
1776
-3664
-236
12588
10664
-5280
-148
-4312
-1976
-3212
-3136
-852
-4092
1160
-5776
-1224
-5184
-2164
6260
1816
32
2488
1132
216
4508
2348
1352
-368
-1728
5680
4412
3548
-3040
-5764
1564
3316
4928
4244
-500
-4448
-5784
-824
4640
5344
356
-5144
-8880
4
-3296
5444
5580
-2524
-6508
-4220
3244
6972
-2872
-7812
-5932
-5540
-2236
3140
5296
2956
-3184
-5640
220
10364
10804
32
-8072
-5440
2328
5240
-548
788
-6048
-6892
-1360
5528
2040
-2068
-3960
-2308
-4
1752
2708
-4384
-4088
-732
4408
-1636
-68
2864
664
5900
7996
-1072
-2088
-5772
-1396
2472
-5292
-7932
-8492
4720
18000
7948
-8688
-20200
-9808
4168
12480
2740
-13068
-15644
7100
17024
-292
-14104
-20320
-1772
12984
6684
-6520
-17212
-10988
4996
10452
4016
-6088
-10564
-2904
8188
3188
-2500
-7184
-4768
-740
5200
3808
-188
-2384
220
2696
-1380
72
-6200
-3712
2304
408
-1904
2900
8188
4776
-6032
-1464
5052
7576
1880
-7844
-9772
-3708
2944
-3564
-3372
-1840
1852
8904
120
4188
6696
7312
840
3356
1616
1672
11784
11584
4976
-1744
-4936
-6024
-2564
-240
2348
-5348
-1192
1424
-112
-1512
-2000
-2180
-1700
8372
520
-4088
-5392
-4412
-5352
3668
4956
3852
-68
-5148
-7944
932
9656
4828
-4848
-5376
-7348
3304
6688
5052
-876
-5808
-6956
8840
6072
1876
5388
-4452
1980
1400
856
-3024
976
-4708
-1800
-2800
-5264
-1228
-3420
-3272
4388
1732
6224
472
-5380
-76
-3184
824
-892
-3024
4704
-4192
-1532
-2772
4032
512
-2152
-7052
476
1780
6132
3052
-4768
-9664
-5880
4028
6072
1316
-2824
1136
10792
11228
-5228
-23224
-13876
7812
28792
20324
-11736
-24056
-8588
18468
24148
-2348
-23976
-18596
9408
23120
13428
-13168
-12208
6704
15272
14440
-5984
-9392
-5652
3168
11808
8592
-3500
-10324
-9164
4636
15672
2464
-6276
-4828
-6824
3380
3572
4544
1656
-916
-4876
-5172
2688
5772
4720
-3420
-10164
-2428
6384
2596
-1464
-1328
-1036
2552
6816
-4272
-9180
1616
12172
13924
-1516
-7144
-10352
-52
1752
116
-7484
-8900
-8400
2488
3004
-3644
-9156
1068
7784
3180
-2932
-1616
-520
2692
3724
3408
-2964
880
3488
2664
3476
-2780
1088
1244
-240
1428
-304
-3024
-3128
2992
1700
2240
1540
596
1944
-1444
2416
-1332
2148
-760
-2692
-2700
-2808
1284
164
5440
-428
-5956
-6904
-4948
-2716
820
-1892
388
-4832
3596
7344
7568
1040
-4088
1704
-432
5144
1664
1808
328
-4684
5732
1432
6988
-5836
224
3520
1888
-1164
-3768
-728
4736
-632
1980
-592
1700
2932
-1296
-580
6020
4776
6368
-1772
-6240
-3284
-840
-7536
-1620
220
5764
12280
2064
-7260
-17016
-8792
10632
14276
-4280
-15504
-9884
8296
16848
120
-18180
-17164
1680
12912
12596
-136
-14476
-9768
5232
6108
-956
-8132
-4880
616
4868
3200
-4820
-2736
-4848
1808
7356
216
-2060
-2424
632
1900
6448
-1016
-4444
-11908
-2944
1080
8084
4424
2116
-2796
-4920
3512
6196
2592
-628
-6604
-636
6268
856
-2916
-7260
-2400
9000
3652
-2848
-1680
-8
4768
5140
8012
1008
-276
6844
11256
7320
-4948
1224
576
1376
-240
752
-1032
-2892
-3764
-7028
-1020
-4036
504
2644
3164
-1288
-5028
-3544
-3976
-572
2896
3656
1660
-172
-2332
-8212
2588
4536
2732
-1828
-6344
844
4812
2468
7592
-128
-8816
-5796
2260
5436
6884
12
-1488
-2672
3664
2212
-2520
-4304
-6500
-2228
-2884
-3248
-4400
-6624
116
1940
1144
-1408
-2648
4976
2644
-1032
-2516
-6512
-188
2372
7312
1088
-3704
-4264
-1404
2140
316
-3884
-4688
3120
904
-804
-2956
-2176
3972
3300
-6548
-3396
5056
15748
-832
-16116
-16232
-284
22768
20628
1036
-21244
-18008
3772
20592
9112
-15396
-19608
52
22396
15744
-1292
-19620
-7312
7568
16280
6216
-6108
-7032
-2132
1296
9440
-1992
-9708
-13952
-752
12436
8716
4320
-11056
-7796
1612
5628
5652
1972
272
-752
-2656
-2836
-152
4200
3704
480
-4692
3772
-252
-1288
-2060
-1708
6740
5124
-172
-4340
-2100
8416
9128
-2884
-2372
-2892
-2664
-4884
-4404
-256
-2808
-1436
-3644
-3052
-1812
-6020
4628
3832
2728
-3056
-1724
3268
1292
1196
-512
-4180
144
5200
4824
-684
-6876
-952
3508
232
-4300
508
2440
8544
3828
-8420
-8984
2700
5296
7508
-4448
-9048
-8704
2624
9000
948
-4944
-11324
-5884
13392
17296
-2536
-20532
-11976
-532
2496
4756
-544
1800
-4040
1932
1976
3812
2456
2648
-708
-164
-104
5492
2832
2812
824
-3536
-3860
1340
5280
4980
2272
-3012
-3172
-1304
-1732
-3320
1584
3440
3780
2848
-2512
-3692
-1172
2252
2364
-436
-5676
-11876
-5136
1372
1740
-8004
-6880
3732
15176
12236
-8972
-20400
-19884
8764
19660
3720
-17460
-17824
3644
17392
13472
-11504
-22224
-13072
6356
10572
1168
-10980
-11208
-5124
4144
9984
2472
-10524
-9500
7092
12824
9060
-4372
-4024
404
10588
11332
6276
-4760
-10072
-6052
1056
3856
-1732
-3524
-3488
1608
5624
3620
4372
2412
900
-980
-1992
7336
3352
-2360
-8100
-6572
-1952
2032
-2496
-8984
-1096
10420
4468
-5344
-836
1216
3812
8784
3512
-516
1236
2752
3320
520
-4540
428
308
-608
-2564
-2280
-3096
-1628
-6696
212
448
-2296
2068
-604
-1848
3176
-820
-912
-4752
-3092
7312
8428
5452
-1748
-2296
-4428
-964
948
9456
2780
-5368
-9032
3532
12260
9360
-8044
-11612
4400
7816
5236
4932
-256
1508
3924
1776
-1908
-2560
-2920
2700
-648
-3652
-3252
-1384
-1096
-2852
1412
-6208
-4388
260
4164
5360
-3920
-2844
-184
3344
-1700
-3804
-3928
-600
-500
4596
740
-1124
-4612
-508
-952
-4528
-6032
-2712
220
2240
4024
-4084
-664
12752
9188
-11948
-20428
-11308
20352
20888
7380
-21880
-19716
6192
22384
10832
-11884
-25316
-6404
16304
19836
144
-20248
-11332
10384
17232
12964
-5016
-14092
-10824
3228
16648
4648
-1604
-10920
-6624
6880
16612
5516
-6792
-7800
-4384
2168
6752
-16
144
-3368
-376
4864
1072
-4204
-4900
-1716
588
-2552
816
-1220
-3588
-1340
1284
2536
2068
1424
256
-1924
-4792
1336
5952
572
-1860
-8528
-10072
-7240
3424
1328
-8252
-8912
-9112
-1840
3756
4416
5452
556
2060
744
-724
5492
4412
3348
3964
7832
4640
-140
-5900
-1088
3632
3976
2236
-3156
1880
1280
1812
-1464
-6372
-1632
7988
7460
-2860
-252
1720
-2092
-372
5468
-1816
-8412
-7064
-900
10396
1420
-8140
-11216
-4256
3244
3996
2436
3064
-6928
-4540
-828
4380
10772
7088
-4096
-4920
3096
6460
436
-936
680
2440
1472
752
788
4256
1436
-1208
3448
2784
3184
-4124
2660
-400
4484
4420
-224
-424
-6576
-3064
3392
3644
-760
-5396
-4584
-16
88
-4272
-13688
-6812
8576
17652
4168
-11072
-19912
-4604
17676
10416
-7840
-23688
-708
24056
16832
-9328
-22228
-13880
7000
14684
-1032
-14444
-12400
-1116
10360
3476
-4532
-8692
-7548
3436
8856
9968
-5816
-9408
-2616
7508
9076
7020
-6020
-3108
-3488
3220
3588
2664
-2112
-5428
704
1856
4580
5856
-1916
-2988
2288
4432
2888
-5316
-8084
-6704
-480
2428
3436
636
-2644
-1244
6452
11728
2268
-5244
-5120
1432
8676
5604
2176
1660
6892
7224
-5516
-2372
-5408
4076
5012
3760
-2412
-2984
-6776
-584
2652
-1388
-3824
-1084
1220
3680
1524
-496
-4936
1644
-4604
-2576
1696
6156
-804
-3324
-10424
-5020
1480
2100
6988
-1412
1076
-4488
5920
9960
4240
-7428
-8280
1620
13008
7168
-1212
-2248
108
1812
-3580
-964
2104
296
-3824
-8528
-8180
1124
1520
752
2688
-1132
-676
-92
-400
2376
-2356
1596
-188
-952
1732
520
-6416
1752
224
2876
-904
-1696
1860
3248
4376
-3804
-2656
-4172
2044
6472
6504
932
-3360
4016
10180
-3780
-17748
-17120
1196
20532
22716
5892
-20660
-13216
7240
13644
7472
-12432
-12900
4400
16088
17068
-4412
-16132
-7240
13184
13728
5176
-10236
-14652
2240
12488
10840
244
-10096
-10720
-752
13188
10000
0
-9116
-592
4048
3560
-1996
-9916
-3292
3236
5492
640
-7712
-4624
1216
-6604
1952
-2336
-2692
-7000
608
1508
3964
7532
-1384
88
5756
3260
-3432
560
-604
1568
3640
924
-7884
-5268
1224
2096
412
-5980
-9436
-6288
-484
5652
6160
-2764
-3624
-3012
4832
812
7344
3312
3692
5920
696
4380
740
912
-1996
3588
-1236
1008
3188
3240
-860
-4904
-4804
5264
9564
5836
-10744
-11196
-696
3864
10148
1692
-12096
-11308
-1964
11404
6460
-3784
-16236
-3284
-2844
7876
7788
588
-7480
-3528
6860
7308
752
-1792
-4296
1660
4888
1924
-1192
3596
4300
-284
-1916
-484
484
1580
2844
-2144
-488
6812
2164
-1404
108
-572
44
712
1384
-1280
-3436
-656
8180
4112
-720
-7360
-4688
-768
1612
44
-7824
-18712
1564
27268
15056
-6996
-23208
-18948
8688
20572
5728
-17144
-12864
5532
19488
6492
-12416
-20904
3684
16696
5664
-5488
-16196
-2064
4888
10232
-4604
-9848
-9432
4400
11000
3636
-1152
-4676
-5340
752
9164
3420
-1592
-4016
-924
2336
1528
-572
-9376
-864
5192
2304
-4948
-260
4736
2592
-6388
3000
4060
10324
724
-10108
-10608
696
6068
-2548
-8952
-2432
8012
7480
4944
-1832
-924
1360
-2960
3624
1940
344
8624
3816
-188
-5156
-3712
-5680
2436
1740
476
-4852
-5764
-5212
-1908
-436
-8
3248
-564
-6404
-2972
3632
2716
-2852
-8260
-4792
2452
4720
6172
-3360
-8496
-10096
9640
9352
5876
-5700
-6232
-4112
8068
14904
2552
-11084
-13872
1072
12948
8348
2544
-1284
3128
6088
-772
-5356
-2792
1304
3280
1088
-7356
-9800
-6208
1008
7636
-1648
-6120
-6408
-304
3884
3500
-60
-2332
-228
1512
508
2040
-160
-1408
-7188
-2100
1344
3132
3080
1832
5272
-6840
-8808
-924
788
7708
2152
1008
4248
9200
2608
-15672
-16412
-8056
13884
21364
13504
-12340
-20016
-2980
19024
17224
-1640
-26296
-13300
12584
26256
8712
-12324
-14868
-1656
14960
14804
-3320
-17724
-6444
8644
11164
5416
-9768
-9344
440
12940
8600
-6076
-11036
-7592
3384
4104
2888
-2608
-3592
-2312
-672
10504
864
-7420
-5320
-6756
4752
1496
-2640
-4824
-7848
644
4856
2656
-2128
-1564
2172
8368
8904
-1500
-2556
152
2328
-4312
-3396
804
736
-4564
-3544
2156
-1064
-5560
2260
4388
-600
-2588
968
2748
1396
632
988
-628
6116
3084
-736
-6164
-2692
224
2668
-6812
-4936
-680
5876
6296
3844
-7732
-8180
-1404
8044
8216
760
-10304
-10440
4548
11404
9676
3292
-10600
-8120
4520
12628
4468
-10876
-12100
-6392
2688
-2360
-1512
-1708
-720
-2248
1896
4004
1876
444
-1584
368
2152
-580
2468
1944
-888
-2284
-2316
1452
6580
4564
-1808
-8576
-4056
3616
5612
-1052
-3244
-3628
6196
6468
2384
-952
2112
-8
6964
2744
-2836
-4448
-1400
5036
3044
-3764
-9536
-3316
13920
14708
-2168
-18816
-19520
-1184
22104
12632
-10792
-19756
-5756
15120
15396
-7756
-18920
-16084
6252
19128
2788
-12704
-15752
-2360
7476
8252
-4040
-8784
-7912
3036
10028
12840
-3300
-14356
-8100
7960
10608
1528
-192
-4496
-3076
3768
5748
-60
-3548
-6652
1384
4836
4536
4000
756
-720
3844
7284
-488
2892
-5764
-4828
-5280
1512
3604
-7824
-5112
4460
7000
-800
-1052
4688
2644
200
3872
1904
-1480
6916
7524
-1708
-1916
-5236
1880
-8416
-340
28
-3660
2944
-3888
-6216
-6000
-2644
-620
5420
1724
-4464
-6468
4456
-136
-2760
-6264
-984
11088
8148
712
-6912
-11060
-312
2212
9388
1700
-4936
-9792
-3040
16804
13996
-3648
-12868
-1652
10788
13768
5940
-6552
-5164
776
5124
604
-2936
-3372
2504
2628
-2952
-6528
-5260
4628
1488
6156
896
-916
-8660
108
-1828
-2012
3308
380
-120
-2820
-4532
-3028
-1784
608
4044
3440
-3212
-5104
-932
5944
3748
-5040
-8432
-2504
7696
12568
568
-4780
3152
14988
836
-22668
-19728
2856
26048
18408
-972
-21296
-18584
11864
22976
7344
-20912
-22316
616
26544
15964
-8692
-24816
-2604
17428
15172
5016
-13476
-9036
3048
7512
12892
-1024
-13296
-10700
7236
18144
332
-7428
-14580
-2976
7156
1972
144
2084
-4976
-2388
-844
7000
908
-680
-10868
-3504
5264
4888
2280
-3192
-4188
2600
3804
2748
-2756
3280
6708
6100
5424
4220
-5916
696
-3476
-1528
-1016
12
4380
-5216
-1020
-10112
-10152
1188
11872
1276
2392
-7084
-1456
1080
3716
2028
1872
3232
2004
3000
2360
3728
-292
-324
1984
-444
-6456
-2600
6232
2320
692
-6680
-1908
5024
5780
2152
-8640
-1636
-420
3168
7344
-1056
-7432
-14228
-1736
11940
1780
-4884
-9052
-6944
-4128
8808
2828
-4644
-8292
72
6288
5564
-836
-116
-1268
2336
1020
1164
304
1004
2420
5544
-1420
-7280
-4880
5644
4836
4232
-1656
-1916
-1116
3988
1568
-4868
-600
3696
1352
-2020
700
4700
1740
-1520
1492
-52
-1212
-5860
560
-2700
-10596
-8052
8936
16116
292
-18448
-18168
-6372
18152
17472
-7512
-22472
-9056
16572
21160
9024
-23308
-23576
-5124
18480
14392
-4060
-20876
-11352
4376
13256
7280
-7008
-9128
-1216
5140
8532
3132
-5876
-6228
-1912
9688
7664
-5648
-7000
-4544
5864
3828
-116
-1204
-4716
1320
884
5776
9832
7980
-4788
-6456
1468
9708
14728
504
-11560
-8176
596
7804
2344
-2336
-5496
-1428
4288
4652
5264
-644
716
6232
5208
10716
7292
1684
1344
-1896
3232
-3064
2304
1724
-844
-2180
648
5012
2612
-2628
-392
-4556
-1832
-2720
516
5064
-1596
-2584
-1560
-6568
-148
12164
5592
-712
-828
-5256
-9324
-428
6184
5180
-912
-4164
-3956
6828
7260
5368
-3908
-11116
-84
7860
6384
5116
-1588
-5620
-432
3100
9044
840
-7748
-9856
-1132
-356
4940
-4684
-5000
-1868
6492
-284
160
-3316
-1316
-2516
1228
3432
-432
1580
-1232
-3600
-3792
296
3052
2572
-568
-5496
-124
3972
-1488
-8960
-8148
1160
4544
6244
-88
-6808
556
15212
15728
-3960
-23976
-22076
9564
25060
5944
-22692
-19208
7628
21400
9036
-15332
-23164
-3384
23988
18516
-3092
-26144
-14332
11164
20724
13248
-6932
-15804
-7892
11020
13832
3756
-10808
-10124
-916
8548
10648
-3692
-5820
-8700
236
1096
4840
-2516
-8400
-5424
2900
6996
-2692
-3664
-2996
-184
3668
2448
-3456
-3668
-1808
-4464
6408
4564
-1008
-2736
88
6692
10060
3948
-4456
-3996
404
-3936
-5520
-4572
2952
304
-5592
-9640
-8960
-3208
-584
1552
5152
-3004
668
6932
2428
2824
-2300
-472
4724
7508
4968
-3040
-2176
-1700
88
5536
5524
-3692
1468
692
5816
-1076
-4424
3380
8936
4528
-1520
-5116
-3420
168
6108
6580
-5188
-11812
-5792
13248
11896
-4636
-7596
-7268
-2092
-1048
-1932
988
-548
-2364
916
-1224
4532
5132
668
6508
4244
-1720
-3264
-3960
1160
3012
2012
-2120
-2228
4052
-2800
4148
68
1244
1932
792
-4556
1668
3792
1992
1276
-320
-2420
-296
3268
1164
4084
2688
-856
-5048
-1568
-6808
-6496
-8792
4440
15000
15420
-2312
-17172
-17488
-1600
20364
15824
-8584
-14196
3332
17992
8036
-12720
-16856
-3756
8824
16972
-332
-15448
-8028
1556
9924
8784
-2920
-13740
-6644
8272
12960
8288
-9488
-10564
1756
1900
5424
1564
-3068
-5972
-6592
-5368
6320
3172
-1096
-2756
-388
188
7508
6836
3564
-6740
128
10600
6376
-2752
-12932
-4540
5200
9880
-2792
-6476
-4708
4572
9696
3464
-2684
-3064
-3324
-1032
8796
7040
2992
4916
4464
5064
-2512
-9040
-1720
1184
4732
-1160
-5548
-9140
-996
-852
2980
32
-4920
-1976
-4660
5516
3976
-1028
-2880
32
216
1100
3472
2016
984
-1368
-5176
-6640
1408
4624
5712
-5480
-10512
-148
8928
9364
-5196
-7904
3700
10540
6388
996
-1308
-52
3048
-2920
1368
980
3936
-4840
-6668
-9884
-1112
-2112
-932
124
2180
-4184
-3072
664
6004
4472
-2288
-4560
-5128
976
2888
-816
-1836
-48
-3676
-2512
-2912
-1432
4744
376
1408
-464
-3028
-1656
1984
4836
1156
-1456
8
8896
4592
-12348
-25952
-9424
14496
29540
19168
-12292
-24072
-3540
24948
20748
-6268
-30176
-15196
28084
22520
-5180
-20620
-10008
10244
16104
7616
-5852
-10296
136
9492
11980
2172
-12364
-5856
1252
8092
5796
-5528
-6728
-4188
2096
7044
3364
288
-1376
-3156
-2172
6040
3360
156
-7476
-8008
-528
6564
1492
2000
-5152
-5508
-4032
5272
7360
456
-3320
-4004
11844
11268
144
-15256
-10180
1608
3544
1660
-6656
-4844
288
1948
-3156
-8924
-1976
-1488
52
5340
6572
-1988
-5032
2956
2132
4764
-1036
-7564
9376
6144
2436
-228
-1232
-1440
1836
4108
5152
3048
-3392
-10732
-5244
1268
4888
4340
1288
-8108
-2232
-1268
2044
4896
572
-11800
-9436
596
8720
-1692
-11156
-4888
-6680
-6276
-36
-1348
-1244
-444
-2452
5236
5924
3492
-116
-2700
-1848
-276
6896
-784
1120
504
-964
1640
3212
1628
600
-1976
1860
-2600
3744
1596
1308
580
2012
-1624
-3396
-3408
-2208
2732
1108
2168
-1168
-2292
1920
-776
1928
1748
-1272
-11372
-5708
5848
20420
4936
-13568
-19252
-10088
13416
22204
1088
-18884
-6620
8556
24700
5400
-15180
-18552
-236
17420
-1140
-15464
-13104
-840
7180
4304
-756
-3876
-9084
36
10916
7752
-2044
-11112
-2492
392
9256
5060
-2132
-3784
1412
828
72
1376
-3328
436
-1880
-812
-1932
3948
4044
-2304
1068
2716
6856
1048
-4996
-5748
-2564
3580
3644
-5400
-3860
-164
4888
7100
-56
-1244
-3724
-3036
2872
10312
3792
1620
3464
8992
1876
-6288
-6156
-3944
1692
-3444
1464
-924
-7492
-2236
-796
-2092
-5604
-2096
-2044
6012
488
-5544
-908
-3188
-1036
-1648
3120
2336
-620
-904
-1008
-3232
1348
1500
3536
-4064
-1072
5672
5228
2936
3320
-9872
-8268
1284
6652
5712
2580
1272
248
228
-5336
-2412
1556
7236
2360
-11196
-9800
2344
3116
7292
-3612
-1004
376
5196
1256
660
-1548
-4508
-2756
396
2504
-2640
-4044
-332
2780
5192
-564
-3412
-2332
1132
6156
528
-5816
-5000
3808
5152
940
1188
472
12348
14088
-5536
-22764
-22196
1932
26400
26948
3780
-25052
-20900
5520
29232
15472
-19288
-24756
-2688
17056
23844
2188
-18516
-12280
6028
14772
5764
-6424
-9108
6292
13516
9656
-1840
-12428
-4852
-1372
7020
4452
-3948
-6864
-3936
2456
28
1376
-2848
4668
5372
668
-3824
-1156
3880
4332
-80
-5204
-3148
1900
3264
1616
-2512
-2072
4680
3664
-112
-2312
-1192
3136
8400
1900
-2748
-7472
-9228
-7668
-264
2740
-4868
-6532
-9408
-4804
1008
2760
2232
1756
-1660
-1284
2252
1528
11748
3264
-3304
-1076
4912
6568
3324
-4000
-4428
5380
2612
356
3000
6640
-436
-5156
-4012
-3416
-2780
928
4512
3504
-3816
-4884
-3936
4364
4868
-1300
-15104
-9996
8204
12404
3480
-7752
-11124
-9264
-76
2960
7256
6716
-6216
-4536
4172
9876
6836
-4208
-8252
144
1744
4156
1176
1796
820
-5244
896
3044
3956
-180
-3096
-1804
6228
1988
-2924
-2084
2032
6620
2024
3044
120
1292
4476
3356
5076
6952
968
-2524
-904
7916
3056
-6648
-19416
-3124
15828
19556
-3080
-20400
-21096
3364
21192
12132
-12104
-21132
596
20612
15404
-8800
-24372
-12112
9088
19036
-460
-10904
-12652
-4160
3560
7584
2840
-8784
-1648
7080
6824
-1408
-6704
-3776
-3576
2552
3220
-1652
-1580
-572
-5124
-488
3016
1956
-6556
-3944
-1132
-2304
4464
7448
2768
-3428
-1280
1396
2472
2428
-956
-7128
-5184
4180
1308
-4732
-4832
5296
8380
3012
-4336
-5956
-612
2284
9788
10316
1828
-2544
-1776
4052
-2076
112
-184
-1152
2340
-1396
-1468
152
2464
-2196
-3336
-2432
-920
-6124
-3244
-3304
-3300
520
1184
-3016
-452
-396
4204
5172
-712
-4692
-800
6276
7716
5232
120
-1768
-228
3960
7892
2296
2228
-7524
-5136
4420
7108
-2860
884
-2208
1132
3136
-6644
-3212
-1572
4088
-712
-5320
-8932
-1912
364
-356
1072
1144
3440
-1364
3276
-596
-1912
-4624
-2176
2384
740
-2684
-2308
1092
3696
5676
1716
-3980
-1492
6620
240
-6504
-2340
-1832
1660
1476
-1136
264
324
8260
14416
-8140
-25808
-23244
6200
28744
24372
2864
-24396
-11488
12296
24392
1116
-21296
-24420
4580
29108
21244
-2404
-22624
-8132
13544
17836
3704
-10612
-12652
1520
7768
11428
-2412
-12300
-6520
-3696
2956
2172
-3792
-5472
256
3308
4748
-1324
836
5352
4104
-2256
-3332
-2648
2936
28
-6676
-3500
-768
4100
1432
-2744
-5012
-1620
5372
5616
1088
2516
288
-452
9936
1316
-4392
-6920
-2836
4564
2516
-1116
-8200
-11684
-7060
-4416
-464
-1572
-3728
2232
4836
6964
864
-4456
-3264
6308
8396
3340
332
1120
-5812
1584
3400
3284
-4084
-1580
6624
1096
1244
-3872
-4932
-1488
4744
6292
540
-1328
-3708
-1992
1536
1304
3716
-1912
-11492
-3328
1220
1808
-2204
-3184
-6180
-13592
-6604
1116
1748
2544
-1816
-3208
-1384
6136
9836
4500
-1752
-2700
-408
2520
4364
1800
2248
-5912
1552
-296
1784
-6064
-1568
184
3916
5444
-4260
-6948
240
6192
5296
592
-780
-6424
3084
3588
5324
2188
-4084
-5068
-240
944
-3020
-8036
-12436
1656
19752
11256
-13092
-25376
-5524
17768
17880
-3384
-22472
-10008
15020
21772
3760
-19456
-20520
2268
13860
3820
-12860
-15432
-5916
8648
7912
-3032
-9448
-10096
-448
4336
6840
1136
-6976
-6496
2384
4272
6856
2888
-4376
-2412
-3236
-488
820
-1620
-5280
-580
-2940
4068
8584
1036
-2672
-1916
3176
7400
9060
-2896
-4052
-5028
3704
10732
1972
-7124
-10076
6772
6720
-140
1924
-2104
-1528
5308
5408
-2044
-704
6672
7788
4000
-952
-3888
-2088
-1192
-364
2964
-100
-5496
-10760
-4488
3192
556
2160
-2720
-460
1800
-820
-420
-5460
-3056
1980
5604
5568
3480
-412
-5328
-416
4884
5756
192
-2632
-4528
2416
7676
9128
2832
-8164
-3424
4676
4984
192
-3968
1852
7128
4816
-680
-5712
1932
824
988
-7432
-6636
56
-480
2888
456
2276
-1640
-5668
2504
4124
948
-3968
8
1940
-736
780
-3760
-3280
2056
3340
3164
824
-8120
-2840
3448
2356
-9176
-8516
-4816
728
8476
3484
-2980
-4744
14188
16188
-3744
-24624
-16292
9732
31316
18884
-12484
-29096
-4312
28052
13716
-17440
-26900
-7540
21472
26852
4236
-17488
-17984
2296
20912
13464
-3400
-12120
-3404
8552
9004
-2148
-8248
-8380
-324
10228
5128
728
-9380
-1972
164
5124
76
-2220
-2192
288
1400
1972
-3328
-1480
-900
-712
-4620
-3720
2368
8748
-1032
-1608
-5064
-2320
2876
3500
-4260
212
4416
11212
-696
-4680
-1564
-3028
-5260
1812
6968
-2804
-8860
-5628
-220
-2796
1480
-3356
-5048
5840
6212
-300
884
-128
604
7344
5548
-60
-6800
-4324
-1956
5356
1824
-6884
-10660
524
11936
5344
1848
-9284
-10544
-2120
6576
5608
2804
-2008
-2872
-4588
-532
3108
-3656
-6696
-7268
4208
6312
-2460
-6604
-6224
-3152
-536
-2248
4448
-2912
-1328
4320
4320
1040
-1648
1944
2192
-1300
-556
700
2056
-1164
3532
-2872
-2220
-5260
1804
8316
-616
-3628
-2320
996
4248
2288
-2424
564
2212
4052
1764
-620
2856
2176
-2948
1548
-2760
-1540
-1940
1492
-1144
-2984
-8620
-5884
13104
18776
5100
-13820
-29324
-7488
16592
20368
24
-20348
-16152
11212
19828
-3220
-23096
-18036
11092
17964
3668
-13004
-15712
-5620
5292
10608
1088
-5480
-7352
6736
9496
6896
-2500
-7496
-2868
8284
3588
-3504
-2780
500
2400
200
-3400
-3772
16
3388
-764
-4032
-424
4496
7368
3972
2652
656
2316
1276
116
-7408
-10768
-1916
1264
4352
1300
-880
-1240
-640
3368
6472
1084
120
1192
5312
3952
9744
4060
7552
1112
-60
3912
-184
-4416
1644
92
1736
-4804
-4648
-8216
584
1900
-1324
-3632
-3764
-2296
-2864
2152
-2240
-5868
-5020
3988
6504
1388
-8152
-8140
-1720
4880
11004
6292
-2608
-5712
-3164
9332
12668
-1348
-10012
-7884
12280
8396
9120
-4360
-104
-1644
6152
-2636
-2832
-2236
568
-588
-4148
-6500
-552
-2760
528
60
172
-976
1968
-1296
-1964
-4884
-2180
-72
-592
-148
-2680
-2700
-16
-1244
4592
352
232
1012
1668
3116
152
-4676
-4608
2256
3796
5940
1512
-9204
5404
22504
10624
-18696
-24676
-6152
22236
30000
10684
-24168
-25120
-856
31120
17800
-12256
-28552
-15996
10204
23780
7096
-19448
-8500
7456
18816
10772
-11700
-11232
684
8228
4068
-2360
-9644
-8988
584
11872
10532
-3492
-11128
-7892
3128
4212
1156
-1076
-2864
-2196
-2852
-3040
3500
4232
4496
-6716
-4644
-3652
8520
1688
-3040
-220
2140
7096
3244
-2036
-5232
9792
10084
7464
-5268
-11708
-5008
-652
5772
4976
-2228
-5828
-6724
-1476
-3272
16
-5772
-3636
-2540
3476
3048
7612
1068
-3056
1652
2200
4108
-2820
644
-1092
3400
1252
2536
-884
-2040
2380
3552
5564
744
-7760
-5616
3920
3096
7488
-1936
-2872
-6944
-1392
1984
4756
1064
-7260
-8316
-60
6960
2188
-8348
-9572
-7128
-728
1384
-1620
-1088
3060
-1004
-132
568
5180
10792
672
-6768
-1112
1796
4540
4160
-7204
-5660
1500
3876
1400
-812
644
416
-3408
1456
3988
3860
-388
-4080
-4424
-2708
-284
1328
3704
4268
-4072
-3296
-2440
1640
-844
-796
-4676
-4268
-1340
996
12204
6508
-3468
-9748
-13208
2308
13148
5308
-5152
-9060
2096
15328
6416
-9328
-19596
-2876
13044
12652
-3360
-14728
-13888
6388
10408
-68
-7444
-11428
-628
8204
4888
-3936
-3748
-2244
472
2864
356
-1092
-1688
1828
1368
-2056
-864
-2748
28
3944
-1120
-2992
-1496
10632
4008
-2296
-892
6040
9172
1180
-7424
-7008
416
980
812
-4544
-5360
2076
6104
6984
632
400
-8440
5140
14868
11460
1488
-11520
-4888
9648
10896
1748
-9296
-11244
-3820
4816
348
-712
-7968
-11248
-4496
1556
3096
252
-2132
-1000
8260
2884
-7200
-7588
-7220
7264
8624
7224
-7912
-7344
-3572
3612
10380
7560
732
-6664
-7912
6672
13780
4252
-8632
-8468
428
11428
5776
-5872
-2192
5200
1040
224
-3856
5868
568
1364
-5000
-4160
-5032
-6524
2588
-1668
3348
664
232
3864
-1944
-6848
-4376
-440
3740
1924
-684
-6008
-2780
5064
6340
1728
-5772
-808
3900
1056
3068
-1448
-8108
-5072
4052
8640
-1076
-5292
1720
10952
15420
-3840
-25632
-17412
8808
30984
19864
-6960
-26176
-11612
20768
22456
-1380
-28072
-15332
13348
25056
11424
-13880
-21204
404
20488
16660
-424
-11396
-9976
5320
13316
1492
-13428
-9204
-856
2424
8816
144
-5084
-6408
5836
8736
-1832
-5040
-2004
-292
800
1672
-4928
-5228
-872
3956
3480
-1556
-4636
-632
3860
-1016
2192
-1436
84
1316
3120
-456
-1152
3496
4792
304
-1300
-6572
-9928
-4644
6660
4096
-3888
-9756
-11448
-4548
792
4152
-740
-5548
-56
1144
5212
-5120
-2932
4508
7836
5104
1212
-2208
-3460
2252
332
6848
-292
-956
2684
2680
-404
-2816
-4692
1328
2080
8728
-2592
-3052
-9860
232
3404
3316
-3564
-10992
-8200
5988
8192
1948
-5596
-16076
-4456
496
8008
68
-276
-3644
-3864
2992
5216
8828
6636
-2608
2116
1108
4632
400
-52
308
-3428
-4132
2644
5300
-1624
-3440
-2588
-424
8948
2696
-4100
-4308
-1068
4032
2300
-924
-5468
-3184
-1512
5116
4640
-4448
-5128
-4072
832
8476
-2896
-14056
-9924
10556
27728
9712
-24008
-29592
-7244
24340
25316
-7120
-23884
-17008
18164
30600
1504
-23456
-27240
3104
24236
12804
-12004
-18512
-7652
6036
7948
-3608
-6780
-5780
-1684
6744
8888
-8380
-8600
-1660
4968
9900
-972
-1776
-2100
924
5900
3300
-144
-3940
-488
4032
3100
-228
5300
9160
-908
1828
600
5312
4876
-1184
-5604
-3792
2752
-1936
-2136
-1472
2760
3708
3240
-1720
-1376
660
716
360
6604
1252
6156
-120
6116
204
1576
-8212
-1396
-1884
1680
-4364
-1596
-3480
-3320
-1668
-3964
436
1172
-3780
-1888
1952
4576
-2592
1048
-4496
-7896
2232
8572
696
-9092
-6084
-132
4844
3184
1552
-7248
4512
2700
10076
7716
-4504
-11644
-5256
7636
13504
5568
-6960
1544
6208
6408
-2932
-9188
-5872
-3036
7876
-400
-3532
-7340
-5012
7072
4724
-2532
-4556
-664
5756
5712
-48
-9332
-5820
2692
5612
2576
-5660
-2776
2876
4840
7068
-6092
-2896
1744
1204
-4692
-7960
-8012
3684
5508
3916
1136
-1116
388
10856
9204
-14900
-23564
3528
23780
17820
-2372
-22804
-12540
13384
26800
5212
-27528
-22324
4028
27900
18748
-13412
-22520
-6028
17444
19744
6628
-14200
-10428
108
7164
11312
4656
-6936
-10188
-140
9616
6940
-2276
-13016
296
5220
5544
-1548
3816
3008
-3932
1408
2652
252
1272
-896
-5300
-4464
4216
6248
960
-1332
-5380
-5364
3912
3740
-1440
-3960
1756
6860
5936
1812
-2524
-640
-6532
-4832
3208
-196
-1176
-1628
-8572
-9428
1080
-736
-1592
760
4808
4708
5644
-1492
368
3276
6624
5232
224
996
-284
832
-2588
-2192
-1848
-964
4196
4340
2348
-2704
-7216
-5980
7368
8528
-1764
-6920
-2912
2532
3912
4668
-5644
-9920
-10928
-1492
6008
3352
-2128
-5864
-4152
-3968
-4276
-1804
2956
-664
4656
-3504
4032
3936
6088
256
928
-1364
-3700
952
2040
284
-752
-2140
-548
5684
2200
-3476
-3620
-3384
4652
3812
3684
-2760
-4692
-2636
5036
3556
3204
-1756
872
-776
5692
5328
1796
-9500
-5748
5504
-960
-5924
-18444
-3396
19984
17140
-6040
-23956
-20252
3296
17748
1888
-19216
-14056
8384
24304
11896
-13820
-20988
-2920
17184
18524
-1676
-20072
-14172
10372
13908
4520
-9764
-8160
-1756
10120
12556
308
-6956
-7788
-2948
4424
6160
-596
-7076
-8564
-4512
3280
-2584
104
384
724
336
-1196
2764
1800
1000
732
-1136
1580
1092
-936
-7732
-2468
-392
7304
3248
-7008
-4344
2044
7380
860
2880
-4644
884
10440
4652
3836
1576
3548
5168
4744
-2420
-316
-2948
-2268
-2536
-1820
7712
-396
-6820
-10532
60
620
3760
-916
-992
-2632
572
3788
-2376
-6884
-3668
-1240
8036
7076
-828
-7520
-7376
980
5528
1752
-2384
-6392
1468
11044
9796
-1104
-6336
-5828
832
6396
7716
100
-7144
-2852
2724
6836
-1940
-5512
-508
6056
3392
-8256
-16704
-4404
6108
8252
2632
-9616
-8984
1104
7180
4788
-3616
-8328
-4880
-1328
720
-4228
-4892
-3456
4380
1012
-4852
-6832
156
6344
5920
-1428
-7152
-1432
5796
3352
1116
-1064
-2360
12508
9528
-12704
-24228
-14156
16076
31340
15504
-12380
-29216
-8984
22120
21564
-9676
-28444
-13800
11936
25124
12156
-15512
-19464
2624
18180
20648
-2112
-15636
-6192
6776
16052
11548
-9804
-16180
-3892
10356
13936
3608
-6388
-10224
-5484
5052
5680
-1868
-4252
-1600
-1256
1792
988
-360
-2324
-2600
-7672
-3664
2340
1584
3384
-2912
-5228
-740
5012
7388
-2860
-3596
456
3128
3540
-200
2480
-1120
-7080
-3568
7672
7456
-2808
-13716
-8480
-2064
6356
4616
-144
-2188
-916
7020
1824
1272
-2532
-2268
5888
9368
1384
-2676
-1336
5768
9348
2700
-5608
-5872
-180
10904
5600
-4856
-8128
-6072
5904
9900
2268
-2192
-10064
-3096
7552
11532
5268
-13540
-14144
4340
8508
-740
-15072
-12608
-7228
-2332
160
1000
424
-3652
1696
1604
6704
1900
24
-3088
4256
4240
1896
-5084
-2476
5508
-1276
-4792
-3588
-3608
6708
3004
-2916
-2748
2948
7536
-3828
2560
-1948
4588
-36
-376
2348
756
5760
5052
3036
-2160
-4008
-4432
1792
1820
-3052
-13704
-4368
15192
22464
2368
-14252
-23472
-6272
17788
17516
-7104
-24616
-7344
22208
19584
-72
-25712
-10512
10184
18744
1684
-18756
-16900
-3624
11204
5356
-1296
-10356
-7892
3648
11652
4840
-5984
-4188
-716
1524
1424
-3636
-2780
-3620
344
4872
4156
-896
-3520
-6568
3144
96
-988
2944
-1020
3892
3476
-464
1156
-1472
128
-640
-3600
-4120
1964
-136
-1256
-7724
-276
1932
2772
5512
3716
-1148
-1428
7500
2452
1976
3920
552
4996
-264
680
-2660
-9000
-504
-568
2892
-7500
-3548
-4560
2696
3812
9204
2044
-3388
1968
104
-1148
-3016
-6044
1328
5920
11044
1916
-6728
-10848
-3084
3564
7912
5804
-7436
-3968
-4644
7860
9660
-1316
-4876
-3940
11308
10608
-888
704
-164
5240
4176
-1716
-7044
-1760
3788
-2192
-4400
-3632
-6500
-4408
1276
7048
6476
-1860
-3868
-184
460
-3092
-5152
920
3756
4168
-1244
-2976
-1228
104
2032
1404
1356
-1840
-5800
2940
-1564
-4740
-4936
2268
3088
4492
-2660
-2292
4172
12888
12476
-9848
-25404
-6508
17524
28268
6460
-25120
-24204
4352
20596
7364
-11176
-22212
-6716
19728
19808
3428
-15040
-9332
8756
20164
7996
-8424
-16276
-1164
14968
17636
-1704
-15068
-14024
-1652
15080
15084
-4852
-12276
-5476
2024
3344
1248
-1560
1612
396
3660
76
-4240
552
236
876
-4980
-5112
784
1552
-2232
-816
3216
2016
-4304
744
-1996
6756
8780
-2696
-3948
244
-1968
-2944
-1352
920
4968
-4756
-5672
-4032
-12112
-2700
4060
5452
-1176
184
-180
-628
-1524
2400
5752
128
-948
-1148
324
-4228
-748
-324
6240
-1224
-1796
200
4536
3624
-2096
-9320
-884
412
5300
4964
-156
-11492
-2612
92
5852
5624
-9272
-11044
-1040
9744
12664
-3060
-8424
-10088
-3724
5032
6708
-1840
-2764
3744
5796
-2368
-3960
3172
7432
7288
3488
-4056
-1824
552
3796
3840
1484
1768
-2252
748
1452
5164
-2336
660
-504
3352
-1920
-1220
1028
1328
3480
-6212
-5140
-2472
3268
3964
-700
-5364
-6292
-232
5432
-5344
-7956
-4820
6740
15412
8432
-4776
-15740
-9644
3780
15992
4312
-16232
-14768
7876
19656
8116
-14572
-23708
-4916
14220
13136
-6144
-10916
-9536
-32
5012
-68
-3564
-4520
-3780
4448
7704
2280
-10200
-4748
1052
12952
8348
-3412
-6236
-5916
3912
2520
4128
-960
-7216
-112
3068
1120
3000
12840
596
-3732
-1292
7568
1196
-2888
-8568
-4812
-1348
-1860
-3564
-556
2376
1360
-2540
1996
3188
4956
4708
9276
9328
-908
1400
5024
2820
-1636
-3296
1776
832
-3588
-1412
768
-1716
-3736
-2068
-5220
-84
1292
3972
544
640
-4768
1396
560
2636
-3928
-6244
-776
9412
11180
2560
-4028
-10388
1848
3480
9372
376
-5880
-4444
5872
13476
5212
-10220
-10668
3644
9216
4132
664
-9160
-5720
4072
4592
-816
-6340
-9636
-2084
292
-752
-2548
-5456
-1012
1604
2080
2632
-3476
1408
2932
-2828
-5044
316
2792
-1344
-1892
-3088
-5180
-1516
1244
4044
-4484
-3332
-2992
-616
3068
1516
-1752
-5512
2456
9004
2060
-7608
-628
17612
16488
-5676
-28788
-17168
12728
31492
15128
-16904
-24800
-3504
24852
19196
-9240
-25424
-12628
14080
30868
12032
-19396
-25196
184
21652
19740
-2136
-21396
-12048
5788
17700
6928
-9036
-10208
-2132
10272
13080
2372
-10080
-8452
-2332
7500
7488
4
-7524
-4756
4908
8792
848
-2216
-4112
1260
368
1288
-260
5620
-5196
-3980
-1888
444
4872
7200
-3188
-9656
484
8060
6520
-6148
-9752
-3832
-292
5200
6248
-4772
-9976
-11056
-9964
-1684
6336
-2072
-2612
3288
4248
5096
-276
-1100
-3260
5144
10420
5320
7356
-392
-36
-2408
3588
4596
2036
-1756
-892
3128
1552
-2456
-1660
-100
2264
2352
-1272
-2548
-1948
2192
4148
-3704
-5540
-5452
-140
5152
5260
-3172
-12472
-5812
-4672
-1732
-2716
5396
4208
2544
-3012
-1492
-1528
6072
11620
2416
-1496
-780
464
608
4188
3984
-1712
-3804
1432
5136
6012
-3192
-3924
32
8172
-2580
-4948
-3180
4716
4228
1576
-1280
-2012
-596
-132
6700
5884
-1820
-3580
-3432
-256
1964
-4056
-5532
-4852
12832
13668
-1808
-12768
-19588
-5372
14404
10004
-7056
-11568
-1720
14380
16876
-9480
-19304
-17708
2224
15816
4144
-9388
-10540
-692
3468
-72
-1124
-3820
-964
4440
5016
448
-3764
-9776
-468
8636
2856
-3388
-532
4220
4708
384
-1972
-4880
3628
5312
4568
-3504
-6536
11268
10472
-3476
-7728
-5588
5668
9676
1428
-9032
-11732
-1968
8556
-2604
-4868
-2716
1716
6676
7320
6432
716
-4436
9072
9692
7648
1784
-1280
-1700
336
-2556
-4944
-3252
-352
1956
2348
-3324
-2452
-2588
-2520
-2088
-3456
-1904
-884
4948
-2172
-1320
-68
-3248
-2516
-504
5800
4392
3056
-5924
248
6356
-1244
932
-1000
-1192
-3268
1840
1944
-204
-640
-3180
1408
6684
4680
-3176
-2800
5272
5704
-316
-5252
-2944
6536
5680
1232
-10456
-9348
1356
-1048
1604
-3680
-3768
-1932
4696
2828
-1724
-5664
-7012
-2504
4884
1720
-1480
-7084
-2980
4612
5712
1640
-11832
-8004
5088
4492
1208
-9728
-5156
-1492
7688
6720
-572
-6716
308
14064
14800
-13144
-25064
-16664
13748
29424
3008
-23172
-22388
5352
21836
13968
-14792
-20296
-3916
23020
21068
-2508
-18748
-11048
10096
17128
5724
-9856
-8304
1956
13764
9032
-4372
-10872
-8500
1044
10644
6688
-6416
-11092
-4584
-76
5092
1024
6800
3124
-408
-2896
1388
3876
-1888
-4112
-5232
-1860
1264
356
2728
-5272
-2584
2648
3364
8716
884
-5572
1236
-312
5228
2668
-5012
-4012
-2960
-5160
2924
-1364
-2412
-3108
-3592
-11524
1784
476
-2484
-1508
-1684
8148
7700
5960
-2320
-5620
4452
5660
7020
1072
2376
-1396
3972
5780
4252
1688
1224
5476
1028
-5220
-3008
500
1848
1688
3440
-2936
1884
-1032
1640
452
-3576
-768
-4848
1260
4576
3056
-3492
-8212
-772
624
-3836
-2964
1928
3200
1764
-4036
716
268
3932
6860
-1832
-2504
-344
-3184
3060
1824
-636
-6044
2060
3164
2432
-1800
-2772
4236
8904
3336
-3148
-3236
-368
4520
8304
4872
968
416
-1488
452
3032
284
-4288
-7944
-1516
6344
-160
-7024
-15720
-3400
15432
14748
-1176
-13892
-17324
4748
15988
7584
-10096
-17808
4088
20620
13964
-11592
-24868
-9720
16444
17700
-3284
-19560
-13512
3924
9260
8920
-6940
-11772
860
8196
8496
1988
-7248
-2412
-440
5628
6956
1276
-2316
-5132
-4520
-2332
1260
3164
2372
2728
-3256
-1348
2576
3732
1252
-1364
-436
7904
2472
-908
-1880
-3296
3176
1388
-4536
-6892
-3800
2896
6868
2400
-1676
-3248
892
4604
6780
6016
1568
2416
-68
584
1540
-632
-3164
-4120
-2936
5328
640
-4276
-12160
-5824
-3284
3468
-2992
308
-6140
-2524
1312
5292
-1576
-4064
-1292
1028
4200
2136
-2888
-4572
-1416
7284
1900
-5148
-5428
-2464
4236
6424
2500
3664
-6400
-4232
1688
8256
6928
-1032
-268
1496
5200
508
-892
-4220
184
5580
952
-10192
-6728
-3716
892
7812
4140
-8276
-5840
348
5560
4928
-904
-5320
-756
332
8444
-4820
-5056
2792
3836
20
-6276
-4772
-640
4164
6148
-3000
-9680
-2756
5892
9624
5792
-4276
-7188
8172
15424
-3552
-20552
-15204
7920
30600
20160
-6840
-30052
-13760
18820
24956
5380
-25188
-18364
9000
26276
8812
-15504
-15800
4852
21276
12212
-5464
-15888
572
10528
7780
-4472
-13360
-9616
3012
7904
15288
-1264
-8800
-11224
4368
9380
3036
-2708
-3016
-80
3964
6288
-5752
-6888
-2544
668
-896
332
-2272
-2968
120
-2992
-2608
4452
5332
-364
-2092
-5392
5196
5716
-2524
-6044
184
-1720
380
-2900
2184
360
-6584
-8456
-7096
-580
-2488
2120
2600
3348
3604
4748
2804
-380
2340
2124
1496
3796
3532
852
-2416
4044
1580
372
-5160
-2864
4864
4072
-2188
-6664
-8304
1324
6632
1312
-3684
-6340
-988
4292
2076
5672
-1928
-2968
-6408
8240
8920
-352
-11940
-6724
864
-4380
-1812
-432
-4408
6908
2640
2568
2304
1928
-156
3516
6272
2508
-2964
-4232
180
6040
-1272
-8460
200
5568
3576
5828
-3020
44
4072
1072
-1004
-476
-3788
-3344
3288
1936
-1220
-2528
-1068
8088
6972
-5928
-8380
-7404
1128
5188
576
-13444
-6968
7532
15192
8376
-9476
-13276
-8376
10792
13136
-3948
-18704
-11004
12256
17868
-1596
-20976
-19832
5736
20384
3156
-12776
-13960
-2024
11980
7852
-4628
-12132
-8044
7436
14556
1744
-6148
-6224
800
5248
-100
-1980
-4508
2408
-1056
4136
4672
-320
904
-3280
4840
-1616
1308
228
3352
1168
-1932
112
5412
3736
2356
-4028
-8768
-1752
1932
-3776
-1728
1972
4092
2004
-1968
-3048
8788
7340
3476
4248
-1360
1812
7024
8068
-5144
-1592
1752
-4760
-3724
-3584
964
-2528
-2948
-7656
-2948
2320
