16000
16222
2124
-6192
-7548
4960
5352
68
-5584
-8296
-1328
6008
2268
-5740
-9220
5236
10644
3304
-3884
-5660
-2080
16556
13536
2400
-19616
-18952
-2092
17860
16916
-3828
-13204
-6008
13648
19940
1924
-12824
-15996
-372
14348
10408
-3184
-10624
-5532
2356
8568
-484
-13196
-8872
764
2976
-736
-5568
-1872
-5604
-1076
7568
-1340
-3152
1116
2212
-984
1088
-432
4924
560
-1264
9880
1304
-1984
3844
3740
-15376
-8188
8768
2960
-9636
-580
10568
-7812
-9800
11136
14544
-2712
-2172
8636
-4012
-8200
912
-3860
-6200
-5212
-5668
-5316
-8512
460
4224
-10712
-8464
452
8204
1788
-28
824
-4200
-2776
8440
1060
4
2628
7040
-796
-4096
2612
2196
-2808
-2388
3796
168
-6272
2484
2584
-5916
-6136
8980
6368
-10532
-3164
10052
-4880
-10740
5772
10892
-8276
-17748
5664
9600
-308
-4140
-10820
-8660
1492
6544
3384
-3120
-9052
-2192
3512
5120
3612
-5904
-1768
1776
4416
-1652
-1308
5840
4948
236
-2172
-120
704
5036
-1152
-6864
-7696
1072
5356
588
-6876
-5980
-1668
1312
780
-1104
1128
2424
544
-2796
-2420
-3152
1256
-1176
-2664
-3768
-7724
-2852
6004
12528
588
-14240
-9356
1108
7504
1644
-9180
-9868
2224
10460
7040
632
-7488
-6444
4344
2596
4640
-5096
-3396
-3488
2472
-2876
400
3232
2724
-784
-1224
236
-1612
832
6284
7600
-2192
-4784
4476
-4052
-56
5168
3344
-5252
-5164
2944
132
-2428
-1040
11304
2484
-7116
-4616
7976
4844
-376
-4728
-12388
-12620
6008
21392
-5152
-27028
-11532
12300
20776
17920
-2380
-12660
-2908
15944
17744
1368
-15680
-2964
6376
1080
280
-6592
-8416
-3552
5168
3536
-7688
-6020
-1244
-3656
-528
1488
1676
-5112
-564
2104
-28
-9148
-1124
2424
-1752
848
9748
-276
-19208
-7236
18964
8236
-2120
8464
-5224
-16692
7364
22612
64
-12884
-4952
-1280
7052
10044
5120
-4772
-7904
4132
7716
4268
-3352
-4856
-2664
-3184
8456
2304
-21224
-8412
6900
10404
1884
-6056
-14476
-5944
13768
18236
-812
-17216
-6796
4096
6424
1012
4944
100
-6712
-2060
9344
7792
956
-6464
-6456
1440
6712
4284
-4016
-4020
-1968
6372
9332
5548
-6688
-12660
-10836
12020
14524
10568
-7252
-10464
-1344
11384
11664
20
-19008
-16280
3244
17940
8496
-8592
-9120
-3324
7452
6824
-3752
-7796
-3084
3544
8768
-2804
-72
-7264
-2392
8968
744
-3720
-5452
1400
2220
2392
-3944
-752
2996
2436
3300
-816
-52
2044
5408
-7416
-13676
-6424
8108
8152
-5176
-4664
-3672
2092
10720
10764
-14440
-16140
6400
31388
8168
-18256
-25664
-6752
15540
18044
-4716
-27404
-18008
8380
15860
672
-8896
-6132
976
5004
9192
7032
-5388
-9268
2916
8916
6520
-1424
-5676
-5260
1852
10612
7464
-5848
-3084
-344
3508
4160
6504
-2232
-9436
3856
14340
-2688
-11504
2996
9632
-6624
-5128
5280
-4132
-12876
2132
13688
-7692
-8308
8052
2812
-6572
-6172
5156
1412
-9656
-1560
-2824
-2780
1268
7508
6364
-780
7428
6672
-3636
-4192
5728
3008
5392
-5024
-4296
-2636
1140
6196
1384
-5364
-1116
4584
4564
-1832
-148
1888
-272
-4872
908
2664
3688
620
-6588
-5488
3832
7664
3492
-4516
-10040
-11072
-4716
15864
22772
-3576
-24744
-19388
2556
21076
14084
-12932
-22076
-3060
19892
15932
-404
-18184
-11684
9484
12780
7608
-12044
-14260
-5404
6284
16140
3928
-11796
-5928
2628
10004
4856
-948
-5520
7648
3796
-1468
-6980
-9136
-5720
5240
8540
4184
-6456
-7332
2244
-1596
-4524
10236
13016
1768
-7028
984
628
-6976
-4
18348
-2844
-26076
-3600
18648
-4024
-12400
4512
-1504
2268
8324
3772
-3884
2584
7644
6260
-10548
-7732
13676
9988
-2696
-8196
-3448
1204
5240
5208
-5416
-12416
-6012
-1256
5748
4388
2828
-13532
-6196
7040
9088
3500
-5984
-8160
-6556
-2916
5484
8624
-6424
-20448
5708
15796
572
5296
6900
-5200
-13252
7068
19916
3528
-11272
-4024
1080
-2624
3620
4932
424
-10272
-3084
7852
6692
-1248
-6544
-8616
-3680
8848
9752
-10068
-9828
3096
6412
1524
-4840
-8152
-3192
-1980
6348
2068
-2104
-6908
992
-2452
-2768
2740
3232
-5196
-5116
6636
5872
328
-9952
-4448
-2344
9072
9452
-28
-6780
-11656
4176
18752
14172
-3492
-18500
-16288
7552
18340
18320
-7980
-20508
-8860
17632
23116
3836
-25400
-21532
-3284
18708
18236
-1740
-8508
-9468
4652
20048
9804
-468
-12808
-9252
9288
9444
2276
-8852
-10348
-2092
11720
5488
68
-7552
-5936
6128
7164
-4704
-2524
-4852
-416
3156
4616
13348
4620
-10720
-19392
-2112
17656
8996
-6376
-6572
-3004
1564
11516
7080
-9764
-11824
7520
11560
5064
-1256
-3192
-10916
-10420
9876
10052
-8440
-12040
-5880
5600
-3396
-1428
1120
6268
2040
736
-1380
-1388
6484
2516
-3176
3748
8788
8008
-2620
1868
2024
1240
2952
520
1916
1212
4376
2276
-6980
-18240
5636
11704
4364
-2768
1932
-9112
-17116
4400
17912
868
-20888
-9000
5436
-4624
2084
3316
-4120
-9452
-504
4308
-212
2780
-6424
-48
2540
3928
9400
732
-4596
-2832
3728
-228
1472
1612
908
1304
868
3600
-1288
-624
-544
5620
4240
4272
260
-5344
-3496
4352
1792
3044
-880
-2404
-1992
-48
3624
384
-13256
-4612
1312
5988
4716
-3808
-11356
-14120
7628
23732
12108
-11104
-23936
-8704
9220
11372
-4328
-18696
-8732
10380
12820
-2116
-11312
-14700
-1416
6804
6140
556
-10356
-7252
-820
3300
2496
-1832
-3544
1244
7128
5140
-2912
-4420
964
4860
192
576
-5724
-8812
-1052
7528
2504
-1872
-2132
-944
-8252
-2184
13684
18280
2388
-18564
-8616
3188
15396
19184
768
-21492
-9752
17272
11448
-23024
-13468
15592
11756
-3172
-2264
4340
1556
10164
9848
1832
-12764
-5364
11564
17144
1736
-12092
-15976
-1808
14308
4488
-7172
-9592
-1316
8132
2176
168
-7988
-7108
-1512
944
4620
-2424
-8256
-5976
3252
-2364
7012
14220
-3632
-15404
9352
7716
-3056
1792
10012
-8132
-9968
14780
10932
-7160
-12296
2704
7212
-6052
-544
6316
4296
-4436
-808
-2248
5336
9464
180
-15232
-11252
1192
12068
-4488
-8000
-1480
2980
612
1084
-1036
-5176
-1244
1480
4924
-376
-1696
-6564
-5152
4224
4288
1084
-10796
-7124
6788
11812
824
-8436
-8800
-6360
9764
5452
-2204
-7588
-5160
5412
8968
13624
4460
-12608
-16840
-1900
19408
20232
-2028
-16696
-10016
5600
17252
10740
-14984
-23040
-3588
10764
20436
3160
-13080
-10160
7052
11456
3608
-9756
-5992
-352
7952
7792
-1832
-11092
-3620
2064
-88
416
3912
-1836
-3572
1296
352
792
-4888
2676
4204
1752
5484
6688
1808
-8344
-19044
-6428
10620
10680
-6644
-20944
-14936
15524
28476
1916
-30124
-14424
15768
24936
6732
-5356
-15456
-15316
2132
23196
9060
-17264
-23060
-5196
12772
5108
-11384
-14792
-5488
6920
12080
-136
-6208
-4644
3388
-3564
9684
10380
-3080
-8116
-2796
6824
820
-2560
-6516
-1724
6532
14308
10800
-9932
-16548
8168
15356
-3604
-5332
3516
-8004
-8960
5168
8796
-6904
-14392
188
7516
-1468
-3792
5724
-3364
-8824
676
484
820
-1372
-9960
-8888
2252
13100
10404
-3500
-2496
1752
1720
4636
1992
4804
-200
-1908
2912
2496
132
-5688
-1184
380
3192
3292
-4076
-8700
-1100
11772
6700
88
-5980
-3892
4224
8576
4364
-544
-12096
-5724
2776
4636
3124
-5064
-14140
-11984
6832
23508
13876
-13672
-28604
-6364
14008
13932
500
-21456
-12544
2896
21360
15196
-9164
-24004
-8236
10044
13728
-1968
-10808
-12408
4136
8456
6432
-7700
-9764
-1212
4744
6172
-1348
-1360
-4608
-1780
6408
7984
-5048
-8940
-2632
6768
6460
4952
-1112
-6080
-3872
4112
4040
13584
-1012
-5568
-2460
-3096
-2508
20064
4068
-30120
-14680
20308
16668
-14404
-18224
1952
9292
12988
7004
356
-13960
-744
13612
14588
2252
-4484
-4368
1348
9128
2384
-4444
-5456
-5672
8748
248
80
772
-5176
-9020
-6780
4364
2536
-1148
3012
3920
4376
2452
3876
-9556
-16000
9012
14428
-4744
-8004
12160
-6476
-13700
8524
16392
-5232
-11180
5572
7924
-2008
2852
16464
-6076
-23824
-280
20764
14296
-7200
-17288
-11380
10724
22188
-20
-23212
-16296
6740
12924
824
-4812
-8068
-3596
4044
9172
408
-7672
-6960
1624
2952
2860
3500
-4224
-10420
-6016
4916
13668
-240
-2988
-3312
2972
1484
4064
-4776
-4504
1516
5316
5332
4676
-3616
-148
8704
13296
11012
-9828
-21072
-13068
14300
18560
6336
-8312
-13188
-1052
14772
5920
-6844
-14836
-7584
8208
15124
5880
-6748
-6756
3388
14508
5096
-1432
-3832
-3472
3120
-548
4232
-592
-2700
-4352
6188
2740
2332
-5296
-5300
-316
1284
-3936
-2200
-3932
-824
-1704
700
13592
10624
-7484
-18848
-9412
6364
9924
7236
-9648
-21792
876
25692
5892
-28516
-12956
28404
12552
-9616
-17448
-7400
3544
16532
5352
-13780
-22588
-2876
5720
9748
-3292
-12376
-8400
4664
12684
6564
-6016
-9156
4404
1464
3260
5720
2324
348
-5872
10396
9720
1400
1756
-1692
2912
-892
6524
6332
-2608
-7048
1400
876
2648
10032
5304
-17540
-20860
6196
15352
-5084
-15708
3572
-7432
-3488
12832
4960
-8956
-14612
-1748
-332
4028
8456
-5592
-12144
-1380
10584
11664
-5932
-2364
2856
-308
2828
2320
852
1996
-2892
1756
1652
1616
3104
-2304
-1500
-2712
4144
-872
-2112
-1628
-3520
-1420
-4720
-944
4016
6208
7060
3144
-304
-2596
-216
4620
5652
-408
-8912
-9024
-8756
3780
11612
5372
-11240
-11136
1516
3404
2268
-3204
-8904
-1388
6636
6300
2452
-3652
-8488
-6268
1248
8868
-264
-5648
-2960
3052
2156
-76
-3472
328
-1668
2892
-5656
-4792
2960
2216
-3020
164
7172
-2768
-4988
-3124
564
9488
-2280
-1992
2396
-1956
-5104
-2492
9772
7224
3104
-14844
-8224
5836
21272
8076
-21604
-16712
10192
1120
-12776
-1536
3776
-11848
-8
15308
4224
-7648
152
5072
840
-1324
-220
2936
10096
6384
-7900
-10096
656
9672
480
-2560
-5020
-1272
-1196
-6372
1600
3360
-8004
-492
3616
3384
-168
-6696
-6116
-3208
1996
14440
5196
-8620
832
6184
-956
-44
9744
52
-15044
2272
18016
8308
-9540
-5328
1872
476
3560
6596
-1320
-5624
752
7248
4064
-2004
5384
948
-4868
-10536
5472
520
-2984
-9512
208
7188
-3140
-3344
-888
-3504
3136
-3084
2416
2292
1120
-4484
-6100
4720
4400
1824
-5976
-4988
-1012
7040
5520
-3048
-4840
-2352
2992
6472
2960
-4948
2264
36
7964
10272
2040
-7736
-14052
3104
19836
16456
-6108
-14980
-5804
14564
20380
5320
-21008
-18180
-4628
18376
13324
-5780
-13956
-10164
12468
17800
9660
-7988
-10876
-1664
11932
12984
-4148
-13232
-4868
3812
10904
7768
-4748
-10284
-5116
6624
3132
1132
-6276
-308
-2708
8432
10660
1940
-14712
-10768
-7092
2808
3512
7280
6344
-13776
-16984
8408
17520
-1796
-16640
2060
6356
3460
1276
6016
-9956
-14040
5804
13376
-6872
-7196
-6340
-1924
5220
2236
-8036
-8232
12860
9852
-4872
-2868
2340
440
6824
972
8708
3948
-2920
-2020
8028
6924
1876
-4636
-5756
5016
10860
15832
-4980
-16376
-7504
5888
3736
2144
11532
-17292
-29960
4668
26392
940
-19800
-3684
-164
3988
11376
8716
-8988
-17376
-8428
7704
10628
-2588
-2188
-7096
-10988
4468
9264
9900
368
-1992
-1044
2148
4280
932
-1012
-2652
-660
6296
5912
560
-1812
-4532
756
7536
7480
-1508
-6644
-1512
-184
9992
4416
-5720
-6552
316
13008
7948
-3024
-10676
-5772
3132
15772
4376
-8820
-17520
-17084
9260
23936
9228
-19208
-23620
-3992
15100
7456
-17956
-20976
-4252
16540
14776
6164
-16116
-14992
-1496
7824
12588
-240
-15872
-11444
2184
10772
2984
-4124
-3272
4
4708
6060
-3120
-6888
-1528
6256
5460
3044
-5072
604
3976
-7540
6104
11832
-4360
-13688
-9976
10336
13168
8172
-6688
-3916
-5428
-3716
12912
12956
-11476
-24552
2096
19360
-2952
-13692
-8916
-5416
3356
20232
6112
-11708
-11456
9024
14384
8512
-2592
-10392
-7396
12200
11308
-10092
-21824
-2396
4492
8072
-4636
-11036
-5056
-2432
7052
3556
-6340
-7272
-904
60
-2680
1612
1988
-4792
-7548
1116
4988
4736
-1088
5412
-7564
-14624
13280
20484
-5228
-13864
9920
9564
-6084
300
6688
2808
-9252
-10180
4908
15996
10488
-7224
-19668
-2848
19220
14488
-11132
-21032
-10636
11008
7436
92
-2928
-7268
-6396
644
3332
-680
-5612
820
-6312
2240
828
5992
-7356
-10012
696
4600
6588
2372
-7760
-9632
1780
4928
6444
-10400
-8384
-252
7848
5624
2328
-3556
-1740
4992
11344
7636
-10712
-15888
-4360
12544
16924
580
-12308
-10420
8180
15764
-264
-13984
-12980
8804
15440
4820
-2576
-2932
212
1132
2796
-1224
3064
-124
-624
5288
6060
892
-5656
-4176
-1976
6652
5728
-4744
-12660
972
6212
-2356
1976
5084
268
-5952
-6068
9932
14048
1296
-13860
-10776
476
7340
13092
1176
-18444
-6256
17192
20332
-5788
-15144
-1864
5940
20584
22560
-8936
-29420
-15416
17620
19840
1292
-19632
-25484
-8724
10060
11976
-3692
-11676
-3612
10660
6100
904
-500
-7364
-6872
4312
9332
13740
4620
-2056
-7960
1940
8452
10052
-5052
-8832
2248
9700
8896
392
-5476
-7388
-6992
9736
19084
-10552
-23908
-1612
14740
984
-10200
-8156
-10196
-3092
5972
10392
-4548
-12612
-12464
2860
15972
5984
-10000
-19736
-4568
18024
15996
-1000
-14480
-6540
6380
3660
584
-608
-1568
-3172
4316
6152
-1676
-2184
-3580
596
2404
5960
-1512
-4576
-3612
1320
4288
4248
3948
-7188
-10460
448
12116
4528
-4968
-9724
-7404
3392
3656
2964
-7872
-19624
-4476
15744
21412
592
-23024
-21032
1084
15468
16084
-976
-15416
-6408
14248
15592
3292
-16160
-11420
3612
9188
6472
-6176
-6116
-1004
3288
9164
1672
-3876
-2788
2400
7896
1968
-1532
-868
-4900
-1424
-344
1416
-2216
-940
-156
-1128
-1140
280
-3076
-6048
-316
3044
4896
3584
5332
3900
-17488
-844
11424
4548
-10544
-4072
6928
-2448
-7540
1316
36
-11048
1432
10856
-296
-4096
1912
13716
5400
-444
-1452
-6492
9924
14624
1960
-13956
-13316
7600
9748
-3000
-7960
-1100
-6748
-2852
6044
-4192
-6100
-2360
5828
2096
2120
2112
544
-10160
-5032
9912
3480
-7196
2476
-6960
-16128
-2808
23900
13092
-16124
-11184
11600
9588
-424
1388
6036
-4040
-1644
-8
-1396
592
4836
-1920
-3852
644
8192
-592
-6852
-4936
-2216
-1172
648
-1220
-5020
-400
4948
-1428
-1952
-1636
-3568
-3788
-696
4840
2004
524
-3672
-2336
-948
-1732
636
4008
4584
-2908
-2708
2572
-848
-2348
1264
4944
1112
-1064
-4748
-1208
6412
16716
6348
-6728
-15928
-12040
9708
24892
11704
-8572
-14456
-60
13016
18908
-1936
-23964
-12952
5124
18360
12596
-7268
-11196
-6544
10292
9924
-1324
-9768
-2684
9048
5556
-3488
-5740
-744
3896
1144
-256
3924
-5884
-6476
3868
5760
-1536
-3332
1808
-2372
-780
5436
7036
-1716
-9740
-11384
-8160
2632
3312
9200
-636
-13424
4612
5264
-13844
1152
16328
3180
-8516
4872
9628
-3276
-12900
-7108
4044
8088
828
-1916
-11492
-2052
3304
-4908
-7508
3032
13936
5508
-7216
-1908
3464
6576
4780
4996
2128
-2872
-1460
6276
-1272
-3936
68
-3388
-2780
5224
10252
2576
-14448
988
6060
-2856
-1996
12968
208
-20384
760
10908
-1788
-10832
8588
6424
-15384
-8112
7176
4956
400
480
-728
-11688
-5212
3376
904
-6688
-1604
5788
1232
1752
640
4144
676
-4116
-16
1752
7752
5960
2736
-532
-1428
472
-5168
1844
3800
5148
-1788
-1440
-3036
1344
1028
1856
-4280
-1516
-1224
4332
1912
-2772
-10428
-6216
3800
6196
3444
-5620
-14172
-13752
-4024
17240
15772
-360
-17360
-17228
6540
18204
10836
-16612
-17520
-9660
19600
20476
2572
-18544
-18348
-1860
10648
11568
-7460
-8148
-8572
6556
5808
3168
-1784
-3068
1352
4668
6168
232
-6100
-11124
6816
5720
3188
-4392
2636
1372
-3760
876
11252
-5364
-12364
-6480
2128
11848
11516
1868
-6988
-10556
6300
12004
-256
-9768
-3012
-3548
-9284
2116
14792
-18236
-16316
10120
23036
4692
-5320
-3488
2208
3952
9820
6464
-5656
1084
9084
316
-1572
-3740
-784
-6276
-6196
7060
528
-7808
-4272
1560
-4084
-3408
1420
-2052
-5016
-1780
5172
432
-13344
-3212
8040
-4868
680
10220
2560
-17256
1064
16720
3904
-7180
440
8936
-6272
-1664
12676
5456
-10752
-6560
8720
4960
4796
3944
2104
-11508
5492
17944
452
-11836
-9424
-3932
3876
3040
-5204
-7872
-300
1252
-1892
-2740
-8288
784
2944
5008
3832
-848
-8400
-3188
-4364
-312
6756
-664
-3424
-9656
-728
8796
4504
-8772
-14692
-1188
10044
9168
1268
-6940
-12040
-988
15380
11120
-15928
-24220
-10652
18204
28380
11772
-14716
-16908
-3204
17636
19404
488
-18900
-14368
6664
17080
7320
-1432
-9864
-2508
6252
9220
-856
-5888
-8600
4260
7620
7428
-1172
-3644
-7580
-6556
9452
1768
-6584
-3592
5896
432
-364
-340
5200
-80
-5224
3100
11684
3076
-3220
-7416
-11528
-7240
12244
17424
-13480
-18992
8560
19964
1600
-12724
-24
-1628
-2896
13192
20920
-9768
-18520
4612
9920
3288
-1352
-12764
-16836
5672
12900
-3516
-16308
-8588
6796
9172
1428
1944
-6236
-3528
5908
9312
1204
-4620
1040
-4756
1568
3772
388
-184
-4220
2000
11928
9444
648
-1244
-7260
-11424
12052
19480
-7320
-22656
1392
11368
-7064
-4856
6140
-4536
-11228
6300
14680
-884
-8308
-6776
-3484
2320
5948
6040
-5664
-17576
-9280
17020
10964
4888
-7120
-8164
3072
10552
4100
-2136
-4068
-896
5780
6748
2544
-5560
1220
3736
7520
4456
-2588
-7392
-5756
480
2436
5448
1200
-6412
-3852
176
6476
5032
-2384
-7208
-1024
3356
7300
-944
-7088
-16832
-6672
13024
26712
-3532
-25448
-14916
7332
17084
1064
-10488
-18644
3272
17608
12288
-1636
-13944
-8020
240
10108
7220
-7804
-7096
-4268
7336
7956
6360
-6304
-4676
2116
1224
4740
3116
-2224
-5640
1640
2264
-2436
-6200
1952
-5100
3580
8856
1376
-10068
-11648
2008
2164
10440
16144
2684
-10584
-20288
8856
19828
-724
-12720
928
3376
-8936
-4812
8924
-6692
-13548
7920
22080
3752
-9900
-4008
10676
12548
13672
-4604
-14620
3360
13144
8920
-8108
-6500
-84
-720
-1748
2680
-1012
-6496
-840
-3160
-2632
-1816
2816
-1352
-6936
480
6856
3100
-5836
1048
2144
-3736
3244
15036
2420
-17292
-4204
15688
840
-6156
-1548
-7788
-860
20124
13964
-15012
-15076
4272
10416
3332
3196
2152
-2352
-4088
11444
10280
-1540
-7984
-4248
-4712
5192
6148
-4508
-11144
-1232
4488
5816
-1864
-6068
-1500
-7200
-544
3160
4168
-528
-4644
-3892
-1996
2884
5556
2072
-2540
-644
624
1864
-6424
-5260
2756
-152
3256
2612
-860
-1916
2508
8364
9052
2736
-9476
-13692
-4464
13140
16308
5400
-9692
-6816
10376
9872
2180
-15232
-13428
2644
13128
8148
-2668
-10720
-3468
5840
7144
2428
-2428
-3176
-1504
-2000
2928
8448
8496
-4816
-1728
4868
-676
-1200
-528
2552
-3788
-2744
-2148
2116
-2856
-1968
1692
7644
-1276
484
-984
-11996
-11332
3320
10548
-4404
-10564
692
13928
-292
804
-1176
-9732
-4884
25444
23124
-12848
-26100
-14752
7648
19900
3612
-9412
-25232
-9724
15260
10160
-10072
-2488
2316
1116
1460
6608
-4736
-8572
3312
10172
7540
1452
-568
-2444
-1108
7612
9144
-3588
-6244
-2064
4404
4228
2260
1244
-4392
-7616
3800
19004
-80
-18340
-1064
5308
-4600
1948
2408
-16808
-11744
6888
6204
-8384
-2040
4176
3112
-6552
-3156
-1644
-7248
-1272
6508
3808
-8552
836
10604
8480
-352
-5376
-4352
-644
4848
5504
2772
-2556
504
3960
2852
2916
-1252
-3308
-3120
9972
2288
-4468
-2936
4948
3104
-2348
-3824
8
4676
2184
-1424
-5224
-1800
4436
1956
4468
-7088
-15728
-8492
12520
19612
6296
-16188
-21256
-2444
10432
7900
-200
-13744
-7724
10272
12544
-2360
-16792
-11716
972
9424
7944
-4164
-8768
-3288
5924
2832
-7884
-7524
2540
812
7216
-668
-2904
2776
1996
5724
2688
-3604
-524
-5896
-6288
5656
7348
556
-5288
-5988
2264
84
6768
5644
-2404
-8236
-376
9820
-9364
-3900
9784
7136
-8348
-13004
3420
4988
-308
-2536
96
-1436
-852
8276
7948
6436
-1096
-116
-3140
-4552
12728
21548
-3984
-20204
-10580
2740
7072
4912
-1424
-6928
-1980
244
5784
-4504
-6316
-2328
1652
5104
8676
964
-13076
-12156
7320
6004
2492
5528
7296
-15368
-18628
15032
14160
-9964
-3204
9896
-8344
-7344
13652
15112
2640
-13268
1092
7176
6176
-5068
-900
-1036
4412
8288
3632
-7876
-11040
3076
-116
5072
-3708
-4168
-4048
3496
3868
-4796
-7444
-6768
5944
4512
924
-984
-4940
-7180
2068
1228
-2156
-3596
304
256
-4124
-1240
8404
2324
-3940
-6788
-2556
7792
10124
5204
-7884
-10344
2712
19976
10228
-4956
-18148
-16304
6212
21104
15028
-7260
-19088
-7324
8912
19452
5456
-15644
-17712
2000
11312
12348
-228
-6808
-396
10152
10388
5196
-8940
-7500
-652
10732
5316
-1064
-11484
-3744
4220
12196
3404
-11460
-1160
5224
2344
-5756
-1472
-1868
-408
92
6864
7676
-3968
-1668
-4852
-1808
-10768
2556
9020
-8440
-8200
140
624
3008
16584
-2404
-12208
284
17668
7048
-4624
-3456
-1788
1444
3808
-268
-12992
-15400
4064
16680
1592
-16724
-6516
7056
10720
7932
-2324
-3144
-3992
3148
9888
6012
-264
-3408
-5252
-2340
7492
6688
-9164
-12084
-1344
13448
11384
3520
-152
-14912
-10080
16336
15016
-8432
-21652
872
4552
-1752
1148
5280
-9684
-14468
1192
12280
5260
4924
-7060
-15596
-532
11648
196
-11836
-11400
1208
6108
14292
6420
-6004
-12704
2404
11576
3212
-8140
-2748
3620
9956
8332
-3012
-7380
-6596
2356
10312
4308
668
1840
-5328
-4468
7664
7784
524
-4388
-7632
5740
8256
-2484
-8128
-4760
-3028
8352
2808
3324
-13648
-12144
-5720
14008
23532
824
-18092
-19244
1344
11304
9524
-5096
-17564
-812
15328
11552
-148
-13136
-7476
-3508
2568
2100
492
-14896
-6072
-4528
7388
3772
636
-6724
-2648
7360
9816
-3532
-4968
-3232
7108
1968
-7540
-332
628
-3368
-3688
2424
3036
3140
-5236
-9984
-7068
7340
20956
8508
-6824
-14984
-5500
9608
9988
6900
-16264
-21000
3388
20396
-6084
-21636
1364
9920
1936
4588
7580
808
-9388
2648
10204
3268
-7556
1852
8784
604
-4408
-968
-728
-112
2872
3108
-6692
-2708
2968
-2016
-4752
-232
4108
4276
-11848
1388
2116
-4836
1548
-4632
-9620
2464
16740
104
-19168
-5696
15772
7836
-11132
-3888
-1156
-1604
-100
10324
8348
-13008
-3796
3244
-1124
-2400
11116
7456
-3928
-3124
6924
444
1088
-608
208
-2932
-2384
-1996
-2880
-4968
2044
2688
-5852
-7872
-1300
-1320
-3160
-3444
1636
376
1784
3372
156
-7032
-2888
5860
3500
-6672
-4684
-2540
1280
1464
-1916
-6884
2320
7440
3308
1688
-1920
-1388
6080
9700
9652
-9464
-21712
-7744
17456
20084
3204
-14004
-10156
1280
16732
6908
-12468
-17512
-4176
7000
15664
6060
-10680
-7908
-2332
8220
10792
3236
-7116
-7696
744
6740
2276
-6544
-8504
6972
8444
212
-3236
-6740
2088
-2316
-3660
7020
3320
-1096
-4716
3624
4508
6020
3928
-8080
-15288
-2084
7784
3488
1016
900
3084
-3032
5496
7916
-3148
-13892
8976
21632
-3900
-15704
-4224
-1376
4984
2796
1188
-17608
-13508
4336
11580
-5372
-13716
-3536
8504
7828
4072
3160
-1896
-2460
3348
7008
4160
3640
-524
2164
-5436
6824
4348
-4568
-6180
4432
5104
1520
4924
-332
-11496
-2148
20888
-892
-18748
-3204
6672
1320
-564
6148
-3128
-16552
-2232
11220
3176
-12904
4860
9136
-8872
-13500
-1400
2456
4496
-1424
-6272
-5596
2388
9216
92
-6132
5724
3692
1588
-1708
828
3292
1104
324
1024
-6468
288
3436
4408
1116
1548
1992
-2732
-4616
72
7428
2716
-516
-116
468
1740
-772
-6116
-10868
5072
5092
9572
892
-8352
-15136
-12496
15120
21676
8320
-17320
-22636
-5288
13668
13624
1644
-16912
-10676
9200
13540
5576
-3968
-17044
-7524
8088
8016
-3156
-5920
-10060
-1380
8612
6208
-2756
-5324
-4612
12448
8444
-2732
-9988
1796
3740
-584
4716
3700
-7304
-7480
-5348
6688
5028
-8316
-12096
-3872
-632
11636
2892
-3980
-9392
1220
8988
1864
-4776
-2632
-8580
-15192
7600
23160
-1628
-30084
-14608
17984
19340
9076
-14256
-10996
7436
29088
14180
-12416
-15388
3916
16128
10152
-4468
-9200
-12456
-312
4700
-528
-4580
76
752
-10316
-2148
5376
3448
-9820
-2128
4116
236
-6096
-4516
-1976
-6196
3080
13156
-4476
-12760
1680
10784
-2028
3888
14608
132
-17852
5240
11896
-2792
-9688
10500
-492
-12032
-5480
4940
7040
-984
4204
-2412
-7128
6292
7044
-4292
-14708
-5884
7108
6704
124
-3812
-5596
-4960
732
5488
1612
-3632
-1764
152
2576
6092
236
-6628
-3328
4108
8992
1024
-2280
-1296
1296
5136
-2740
1340
-6976
-3012
3404
5096
-3120
-2616
-1396
10780
12844
1732
-15812
-17200
-376
21352
11624
-13108
-12908
-448
19956
14844
-5216
-23456
-12160
9344
13728
5544
-4956
-4244
1296
5672
9260
5644
-4788
-6808
1184
5712
4664
-3372
-9620
-5236
4188
7344
388
-4828
2740
1312
-3172
-1812
6016
2948
-2204
-1336
-1444
3276
6976
1340
-7192
-13404
-4188
7268
7268
5520
-928
-13480
-6216
19204
23616
-13544
-24728
4504
31312
7444
-16860
-17484
-9868
5932
15996
336
-19724
-16376
7180
16668
-1328
-14580
-10736
4904
13048
10420
1000
-5644
844
3988
1196
-2752
5492
2964
-4388
-6244
1680
4620
-548
288
3448
-4424
8204
6440
-4968
-14008
1644
15468
3340
-1956
-2576
-5200
-22760
5060
16848
-11184
-17480
2292
11508
-6092
-6712
8700
5752
-1776
-380
1276
-6536
1072
660
-1704
-2908
5040
11900
2408
-8096
-1916
3920
-136
3500
1908
4652
-1956
-3124
-2552
-1732
4732
1964
-4960
-4152
2060
4252
-1908
-6980
-892
6944
-76
536
-2960
-1356
-440
4268
-1600
-3500
-6548
-524
1628
2592
-2560
-7740
-6396
5336
18960
12436
-6172
-13796
-7696
4724
5252
-3064
-7884
-2980
8208
6760
416
-9996
-5560
-116
4684
3628
3684
-4628
-2952
-524
2160
4212
-104
-208
-5744
2688
3292
2788
1828
-2412
-560
1448
10440
2224
-4348
-1600
4764
-1332
1588
224
-860
-6756
-2860
11812
14696
4596
192
-8404
-9204
-1544
22868
20004
-14972
-30092
1852
24872
-2512
-6068
-1388
-8664
1488
17016
9540
-3312
-1540
4772
5828
-3432
-5444
10292
9784
-4524
-7292
-7460
6060
8820
-756
-14488
-7916
9088
7456
-5096
-6732
-8056
-4728
4244
5392
6236
-7560
-6712
568
584
-2048
7636
6144
-15548
-9168
6376
10304
-7716
340
12448
3776
-8288
8916
5788
-10144
-612
9488
2552
-440
-3288
8056
7556
1176
-3360
-3964
-576
7936
6128
-2512
-13384
-4968
5192
5476
4820
128
-2192
-7368
-2992
1460
5988
-4672
-6724
-228
-1544
4980
992
-5800
-4972
5256
8288
3128
-6536
460
2160
-84
2332
-3052
1756
5376
3744
-156
-2372
-3204
-1616
6168
10604
5904
-11224
-19632
3292
18344
19012
-3524
-14772
-10116
8024
21312
10712
-9844
-15904
-9256
10272
13696
-2196
-6964
-1844
2260
8208
3344
-5088
-7092
180
2608
3660
-492
-108
-4732
-3304
-5000
1488
4092
-244
-3340
-5416
3216
632
2604
-6484
-3092
-1696
-2512
8008
4944
-11600
-17344
4436
13344
9332
-1416
-13764
-19232
480
27620
18508
-16628
-12156
13648
2140
-4340
10520
5872
-9508
-12504
360
4356
-5624
-6192
-1096
-3840
-3880
1488
-2728
4400
4124
1456
900
5968
8132
-36
-5424
1016
5396
-4496
-988
2676
1440
-500
-4496
-712
2068
2304
8780
6064
-11096
-12468
1592
5868
-52
6472
-2844
-14024
-11660
12336
13140
-14568
-11884
2716
776
-3084
7176
2736
-11284
-11244
-3852
11144
6480
768
-17428
-14008
3076
23984
11236
-7956
-15328
6060
12260
3788
652
-4836
-1780
-168
10160
10696
-96
-6532
-100
2436
9132
9024
-2788
-12616
-8500
8008
8540
2692
-5848
-4064
-1404
12028
6624
-4192
-7728
-4692
4580
7688
5188
-7700
-15628
-11492
7920
25772
8360
-14824
-25860
-7328
7676
15312
-1320
-20464
-11512
7276
19244
6984
-12024
-15388
-3936
13432
8780
-8264
-10124
-5068
1728
5704
1644
-692
-4036
-2364
84
2028
3224
1592
-3932
1256
3160
4272
-1352
-2584
2420
5292
1208
1980
-20
-8320
-7072
-948
4740
13220
3952
-3800
-344
2796
8432
11852
-2056
-16744
-4172
17396
-3960
-14972
-5620
8836
4036
-2360
3860
-4356
332
10772
12812
1096
-6068
-3740
8924
11112
1152
-8640
-9436
-640
9224
6412
-8736
-7564
2536
-1688
-4864
-1912
-2396
-1820
-2488
4712
6868
-3280
-3300
-1124
64
-124
10792
-3352
-12592
-1104
10076
-8316
-8764
17148
10028
-11596
-11572
9980
6376
-344
4492
6548
-9952
-9100
9476
8684
2412
-4948
-4276
-4228
14548
13928
-3860
-20268
-9288
12276
7768
-4620
-8940
728
3284
2784
1532
-980
-3452
1744
4140
-2044
-2308
2112
-1400
-7760
-4400
4568
2432
-4184
-1608
4768
1036
1120
-4528
-5120
-1384
8972
2540
-1152
-1772
-2348
2888
13072
5088
-10376
-14396
-13476
4516
18636
13660
-492
-9152
-4952
7268
13028
-2696
-14356
-10532
2388
12488
5564
-4448
-14080
-5788
9888
5352
3648
-2112
-3436
708
6044
2464
-4588
-4360
-300
2052
-1196
496
-1256
-4708
3368
2368
-828
-5068
-1772
4992
580
-5904
-1340
5936
580
-3604
-11720
-9460
-1864
4240
8660
-4976
-7580
8148
14596
-12356
-20320
4292
20968
13856
13136
-6476
-25840
-16272
15760
21380
1540
-23368
-18836
-6076
7776
9240
-3396
-8048
-3512
5056
6708
-512
1268
-2100
3644
600
4188
6124
-3776
-1980
-612
2344
-2360
-4876
-1880
-1160
2084
8028
-1816
-15944
-1168
15484
-3288
-8364
6708
6144
-14936
-5624
9404
-1556
-11808
-3900
3104
1648
-3520
4916
5492
-1792
-3212
920
2684
-5672
-4288
1832
-3804
-716
8496
1280
-5308
1384
2052
2340
-1380
4108
5040
3512
-4216
-3576
-6076
-44
2060
6032
-1248
548
-3296
1024
-308
-328
1928
-1056
-3688
-796
2184
1180
5456
1996
-3684
-4968
-2124
10448
-720
-10672
-18856
-4704
8692
21228
13948
-12000
-22052
-10824
10976
11272
-1520
-10940
-12688
4276
18420
14232
-1788
-13808
-8424
4156
12776
6236
-9528
-10340
-868
7108
2788
-5252
-5136
3464
5932
7468
-116
2148
-904
-2736
-224
9020
-1420
-7992
-4056
8620
3084
-4432
-3876
736
88
-4948
2384
8592
5140
1540
-7004
-10524
-6428
12232
14000
-15416
-30128
2260
22476
212
-15652
-3224
-2628
5744
16772
4076
-7868
-4336
11444
16132
3924
-2736
-10656
1268
13620
11888
-4896
-12980
-3960
6580
7108
3748
-2120
-7832
-5892
2888
2588
584
-9536
-1296
8784
2080
-4092
6032
-8144
-13748
11280
14300
-6252
-1616
5960
1048
-10092
8932
15920
1580
-11224
1504
10392
-1992
-5248
7320
4528
-9640
-4676
4596
2028
1132
-4256
-2172
1780
9528
7264
-6408
-5708
-4180
544
-3360
-3648
-1616
4516
808
-1104
-4208
-2960
948
716
-3888
-2040
-2840
-3256
-3428
-1148
5964
-708
-664
-2304
-2092
3364
988
1712
-6220
-10032
-4032
2884
3408
664
-9396
-4384
2592
19776
10188
-12508
-23060
-16052
16244
20592
7656
-18160
-18424
-4376
21140
18784
-5244
-26120
-15624
5328
24116
13072
-6344
-18688
-4188
13528
18892
-592
-18920
-14276
5348
14244
6964
-5916
-8560
-2028
5992
8768
5372
-8188
-10896
-3328
8232
3172
-7112
-4564
-1328
-2968
2652
12340
7652
-7836
-18380
-13364
8040
14588
7688
-5236
-18172
-5040
17236
18232
-16636
-9348
9664
12192
-3096
-224
952
728
-2040
7308
-1620
-10584
-3828
-1680
-284
5144
-8720
-11564
-128
9008
3720
-6244
-5084
4192
8840
1104
1732
-1872
1728
4420
2724
6152
2996
-672
-5032
-5796
5048
12016
9244
-8304
-13600
-104
1836
-8648
7652
14580
-8076
-11108
9208
1752
-12684
-5380
10740
4636
-12512
-8660
6708
10556
-3404
-13016
-11388
-632
11840
7912
-12420
-16900
4056
16672
6300
-5064
-2192
3004
12
2436
4464
1132
-208
1856
5900
5220
216
-7188
-5960
4268
13780
12900
-4212
-5040
-4596
3444
6268
-2768
-9332
-8040
-308
9880
8452
-904
-11748
-4808
1888
5492
3804
-5192
-17912
-14420
15436
27732
8412
-23436
-18000
-1820
18828
11136
-12944
-17108
-3008
13104
14388
4052
-10636
-10648
-520
1352
5092
1084
-3608
-12712
-5748
6452
7236
-1260
-2004
-1596
3604
-3380
-2104
4156
-476
64
-2424
5108
-3580
-2900
1908
-1284
-636
5168
488
-8492
-11724
-2460
12588
11884
5512
-6432
-17036
1508
23448
12348
-17684
-20132
9516
4764
-14688
-6224
13168
-600
-7224
3312
13664
6664
4592
1412
-2232
3304
-4184
4052
11324
3184
-9092
-9528
4620
11816
2064
-14076
-11004
3156
6092
-752
-8496
-4040
-5300
1956
4376
932
-6340
364
2240
-6340
-5080
5392
9216
-2480
-1780
4356
-4052
-10636
9884
10636
-12596
-3840
8492
6028
-11352
1688
18584
4024
-4504
-13272
-1364
7920
8656
3900
-9196
-12480
4628
13136
-2096
-17728
-11352
8628
8472
-1848
-7432
-1824
3576
4524
-1492
-1676
-1072
-2572
-1708
-3444
800
1088
-7348
-4700
3700
3980
2856
-5600
-552
4544
4628
1464
-7292
-5132
-3336
7456
3368
592
-4232
744
7280
4856
1908
700
-12460
-16148
872
15596
9620
-1484
-11292
2960
16476
9948
-12536
-12812
-4988
8896
10772
-2632
-4112
-6264
8336
5156
3588
-288
-1604
-3384
8212
10500
2608
-8700
-5096
-2208
5388
1364
1524
-6568
-3584
6856
4824
-4404
-1496
2856
2392
-5524
1436
3376
-860
-1992
-5652
-3524
-8720
6232
10992
-3672
-11320
-5232
12836
484
-8632
3116
17140
-5076
-4588
15844
10300
-11356
-12024
-52
3580
1840
-2808
-4412
-6836
-2492
2788
-2560
4676
6340
-1896
-8564
-1292
8588
3220
2380
-540
1260
-1300
-236
6812
3344
16
-6708
-596
-4412
3116
7256
3576
-6236
-3312
6588
-7192
-4412
15388
12444
-11052
-13640
6184
10688
-3704
-8888
5292
1124
-8520
520
9640
-2536
-9728
-8964
-1428
6908
5236
-5716
-16624
-3364
15020
12664
572
-12756
-3916
9532
12012
-2964
-2024
-5592
2972
6312
5000
-1068
-5748
144
2192
2516
2732
616
-3060
2172
4100
1696
2340
40
-1164
1148
3028
7068
1208
-7740
-3200
-2576
5664
4688
-152
-8428
-11000
-5688
15172
19260
672
-15184
-14212
60
12144
8460
-4424
-17180
-10824
11088
17632
2048
-18104
-10564
-3588
9172
5120
-2468
-5948
-8900
1068
7236
2140
-1520
-4464
-2516
-2112
6532
604
-2168
2168
9228
5128
-5644
-14464
-5364
1100
4500
7452
1328
-7660
-8284
24
8292
5680
4336
-1656
-9740
-7328
9636
29908
5904
-28436
-20656
14188
23572
-2576
-14028
-14244
-8640
9968
23200
4216
-22276
-14808
10140
20952
15488
-2500
-16564
-8428
14388
17540
-3224
-16012
-6072
1676
892
-3292
-3752
-6572
-5104
5828
-292
-6512
-2764
808
536
-388
2180
-1032
-11152
-9720
12176
5432
-5816
2240
5760
-13676
-8044
14332
15448
-8012
-3180
11336
3628
-11740
2264
6280
560
-2784
-920
3664
5140
2404
-3392
-2280
5476
13092
800
-10204
-6632
572
-12
-12296
-9164
5676
8300
908
-2956
-10316
-6460
4932
7184
-104
-2316
-1432
356
-2952
-440
4288
-476
16
-400
3524
2516
1536
-812
-3440
-2232
1796
6216
2016
-5144
-2780
-232
4064
9172
11304
-8524
-17204
-17748
4512
20216
17008
-7060
-18576
-7992
12396
20532
3096
-20976
-19468
1308
18864
14076
-3624
-15788
-3580
10304
15768
84
-10924
-8392
-1620
11472
6744
-4380
-6580
-2024
4540
11744
-2308
-14980
-5112
10420
10568
-576
-4564
444
428
-1076
2284
10844
6056
-3724
-10916
-8552
-2180
8752
11508
-4872
-19668
-1112
21244
10668
-16816
-14612
108
8576
19848
16772
-10332
-29080
-11852
12792
17916
-2384
-16416
-15508
-1052
15532
8048
-13276
-16368
6180
15752
7596
-6168
-6636
-5656
3588
8656
9368
-288
-2580
336
6196
6216
-736
-7100
-7516
-2956
15236
8332
-5764
-3700
-5544
-5788
2616
23468
5032
-18184
-17296
8444
12044
-5112
452
344
-17272
-6212
8232
11956
-2020
-9396
-8660
-8
11140
3208
-5956
-15648
-5256
13828
9228
-6424
-5964
4152
9436
4824
2088
-4348
-1592
788
4420
5224
-184
-2004
-3320
-1944
3208
3628
-444
-1448
-1532
-1584
2268
4212
48
-5116
-3036
3844
6584
2532
-7384
-5868
-568
7560
6872
-600
-16412
-13104
-8964
16480
23048
16
-14944
-17604
888
16192
9368
-13140
-18736
-3456
9868
19996
5512
-11740
-17092
-1408
7764
5612
-4776
-13316
-8616
528
8692
1276
-5276
2892
2052
912
5964
2320
-11484
-8432
5696
14904
-2096
596
-3352
-1240
-3072
4948
4788
-3624
-13932
-10768
6732
10584
14724
4028
-8192
-13244
6424
8924
-1276
-13844
8512
6552
-12012
-5908
720
-5140
-4376
9796
9204
-6152
-8776
3400
15156
11572
-460
-5712
-11120
4868
17668
6408
-8592
-11692
-4432
1220
1936
5248
252
-12268
-3192
1324
-184
-6000
-2612
4764
-2488
1844
8428
1120
-7988
-9224
1504
4276
-88
6472
-4792
-13964
-5576
13052
4984
-5196
-1300
8960
-1336
-5248
4676
10224
580
1812
-2712
-5100
2072
10632
9356
-5424
-5128
6972
7588
-13548
-15072
-3764
9212
8216
-1976
-9424
-8988
4400
6564
-7336
-5468
-696
2308
1724
2604
-4632
-4516
-3864
3324
2884
-1520
-1624
-688
-3856
1384
5992
5072
-7612
-4952
-980
8164
9580
-620
-7588
1204
12656
17800
7712
-11696
-25956
-9480
14476
24044
11892
-11260
-22136
-1516
17976
17136
-3480
-14200
-14920
3744
14528
8860
-8376
-8832
1904
12040
11424
1148
-3476
-9804
4892
8432
5128
-4520
-7296
-3868
3484
15156
2456
-18152
-7656
4004
2720
1324
1800
5520
-5020
-3328
5116
9804
604
-8160
-8824
-1732
3124
8516
7792
-9024
-17756
1576
18072
-3272
1316
1876
-9952
-2500
23732
14852
-12656
-24980
-6560
9932
12376
1228
-8160
-19084
-4416
14760
-1120
-11820
-5024
3400
7280
3116
6012
-1264
-5452
1608
2724
4052
3164
-2080
-1204
-1340
-16
3720
3152
-2552
928
8340
1460
-1820
-3492
-8996
-9724
14300
16712
-10836
-16660
4224
7224
-6856
-6872
8796
-8232
-17936
10888
14104
-3540
-7304
-4952
-324
3696
8344
-2824
-13176
-11508
5840
9692
-700
-7664
-6088
1732
7792
5140
-4496
-8324
-580
5884
6396
-5048
-5040
1752
-1244
2792
9028
-480
-1228
-3312
508
904
412
1924
-1632
-1400
-4000
2972
3976
1944
-10760
-5876
3744
7572
5116
-1768
-5384
-13504
-10592
16840
24196
-3676
-22576
-12256
8832
12220
2624
-10268
-11720
4020
10932
15148
752
-10036
-6532
-2120
11568
7036
-7144
-8888
-2700
6312
12968
3140
-8476
-5572
6040
7640
6444
-1120
-8488
2468
14316
7436
-8148
-10064
-2504
4756
3848
1164
196
-9828
-5420
576
3644
9800
9616
4876
-11500
-10832
6672
17476
280
-10540
-6780
-2528
9368
4732
-8724
-18424
32
20520
6976
-3644
-3348
9920
14732
14992
-4692
-19532
-6932
18960
18548
-6584
-15844
-5448
828
7428
2924
1068
-10940
-5196
584
4776
4276
-3404
-2788
-4424
192
3808
9516
-3380
-16584
-8904
5180
1640
9572
-312
-14528
-15692
11348
13148
-3220
-528
2988
-2552
-6844
14012
11276
-14520
-13212
-1200
10016
712
5300
3372
-4428
-8408
5156
10440
3172
-1484
-6840
-3316
2836
5796
4312
-5980
-2888
-344
1884
-3600
-2572
-276
-5428
1160
4484
800
-1792
-3448
-5168
-1372
6308
7668
-1084
-7240
-120
6948
-368
-4300
-6672
2776
3232
4632
696
-3628
768
4168
11036
9332
-1324
-10396
-19292
1396
23544
7764
-8680
-11192
-3556
14492
10348
-7412
-18648
-8324
13236
18204
5072
-6024
-9516
-1876
7556
10804
2932
-5488
-5488
-1776
4632
5972
-1244
-4368
-3576
-808
7576
3376
-2424
2152
5388
-3720
5072
5008
1824
-3652
-4880
8832
3976
-1772
-3432
-2748
-15296
-11132
11160
12140
-9868
-16148
4724
11472
3472
-5936
-4272
-7628
15896
29448
3684
-21020
-17236
2556
8872
7432
2816
-15416
-20624
3764
20020
-5060
-14452
-9668
56
6956
7452
6500
-5032
-1168
3360
5676
5656
1452
412
-4784
-3836
6888
12668
116
-572
3328
5064
348
1492
-2236
-12032
-8876
14984
15460
-10980
-26892
3236
3120
-6768
1124
1868
-16076
-6612
18352
7092
-9084
-10936
-828
-9628
-4100
2732
-1368
-4208
2048
6336
2188
2684
1752
7332
2892
184
704
-2588
-3852
7960
8156
-516
-492
-2044
4100
3996
-3936
-4324
-1936
1496
3496
-6368
-5252
-2448
812
3292
-5220
-1332
1000
6136
2936
-3104
-3008
-5276
7568
9696
828
-5148
-15724
-9780
10288
18664
11116
-13496
-17384
-1172
10676
9368
-10484
-13956
1112
10468
16436
1080
-11092
-5984
-832
1568
5000
-3632
-6672
-3908
-3412
4580
-2324
1540
1900
1548
-2428
3392
-2892
-5780
-2640
-44
-1596
572
1852
4208
608
-64
1112
-1844
-7528
1064
1388
2364
3856
12712
5712
-14452
-4652
8652
5528
-11732
-888
4596
-4120
-2592
13840
-2876
-20116
-10064
14260
14332
-188
-5100
-4920
6752
11504
10212
-8256
-9952
10660
11844
-6104
-9408
-5480
-4012
6164
4504
-64
-12004
-3856
4708
-2560
-944
-4932
-2460
-2380
5024
5992
-780
-11788
-8528
-2628
5484
2332
11424
4904
-21492
-9512
17228
16684
-6240
-10264
-392
5152
8692
8984
-7508
-8988
7292
17432
-1160
-12888
-1576
7224
7932
3336
-2508
-9016
-2756
6140
508
-7312
-588
4848
-652
-2632
3964
6832
-3652
-6980
-3112
6496
-276
5652
420
-6364
-3116
4872
-3504
-6372
2132
2472
-2356
-4012
3896
4392
-5812
-7908
-3840
4236
5816
1396
-1348
-5312
-1308
11676
18192
4364
-15484
-17176
-3992
15240
21884
-920
-16200
-11632
7840
20112
13624
-11656
-22464
-2188
12900
17096
3192
-12572
-13660
-2360
18452
14944
-4688
-11172
-2236
7536
12788
-804
-9132
-6252
-4676
4956
4968
-4412
-9088
-2888
412
1268
2772
1380
-1744
-4916
4552
11680
1692
-7044
-6592
-6616
-4124
3056
12644
6144
-8892
-3464
4820
4344
-600
-3512
-4520
-3964
23500
20788
-10596
-28332
-8328
9500
13160
6088
-18788
-21904
-12036
14820
19604
-1464
-16424
-3312
10560
12700
4872
-4748
-6116
1024
13112
2712
-3396
-2672
3052
-144
3572
4164
-1024
-9400
584
7468
10964
3372
972
-12632
-12792
5772
27828
1692
-22712
-7536
13396
2616
-5416
9504
-2700
-15320
1900
15204
-396
-13860
-1088
3768
-2616
3332
-2288
-8440
-2896
-396
11888
3080
-2116
-3760
580
5704
5540
1956
-7104
-8348
4248
5796
696
-156
-3232
-4780
-2864
6180
4624
-2304
-4572
-2472
532
-500
7456
-1756
-4504
-5252
1852
5192
10028
1572
-7724
-7280
2604
8060
3104
-7112
-8080
-15500
-2328
21312
19476
-9392
-21056
-12500
7692
13840
2468
-15724
-12368
5424
14272
5220
-3464
-16456
-11412
1628
10048
968
-8984
-9008
-1760
8812
7888
740
-5980
2008
3340
4612
2508
-4784
-828
-156
5724
760
-856
-3852
-3320
128
8516
-692
-4876
-8364
-3724
-2188
6940
14304
8944
-8524
-12460
7996
6868
-1120
3988
7520
-18488
-24376
6716
24100
-10040
-25944
-856
12564
15520
-228
-4996
-11220
5592
20596
10332
-9836
-5984
10424
5128
-6072
-3092
-4056
-5920
-976
1576
5116
-4348
-3092
-1608
-232
-1268
5076
-2656
-4484
-6468
6260
3912
-3044
-1352
-7140
-6988
3960
14000
-2056
-12944
2972
14260
-536
5212
11728
-404
-10764
-968
17620
5052
-2764
-8208
-2092
-5328
6872
5916
-3368
-2860
-692
7956
8716
1276
-7808
-10128
-4152
6876
324
-11044
120
3708
1084
-4784
2020
936
-2764
-5588
2232
2272
-3808
-1944
-516
-4132
-1920
5664
-912
-6060
-3632
4356
3304
-4964
-4852
-1580
4864
6964
-2228
-3220
-4484
3832
11320
11132
9084
-8948
-15180
-6896
14220
21552
3328
-13460
-18304
216
13716
11860
-12000
-16172
-6372
7936
18680
2800
-5560
-8728
-7912
4588
5016
1792
-2488
-5172
6608
4564
2420
-6684
-6416
1752
2240
3496
12
3104
2988
-6468
-880
12
-1968
968
-4056
-7948
316
3192
11700
-908
-12400
-20100
1196
9828
1044
-7732
-2348
-5400
-6300
15120
9364
-7540
-9908
8556
13080
4288
-2940
-10344
-18320
-200
8516
8532
-13028
-9084
-3224
-4828
-840
7424
6148
-916
-7760
-88
6300
1804
2624
2620
-1376
-236
12788
7792
-2136
-5292
40
-844
-3700
2984
4480
-2912
360
568
-10088
-13876
12420
14492
-5860
-6612
-988
-16228
-4424
19744
12232
-15364
-18992
-780
340
3100
10604
3912
-14660
-9944
3668
4052
432
944
-4612
548
11568
6660
-6140
-8392
-484
9940
4384
-4332
1924
8276
7404
-156
-240
-528
2496
5960
3904
1416
-532
5720
260
-6220
996
3028
6908
-3684
-1808
-168
7716
6272
-1052
-7332
-1320
3904
2296
1668
-1456
-10112
-8596
964
17036
13916
-10980
-20300
-13504
9432
15704
5500
-16264
-12096
4992
12848
14916
-4372
-10684
-6300
1456
6968
336
-3596
-3172
1200
1268
2320
1612
-3288
-376
2920
-4636
-5684
-2696
6680
5776
-8844
-4740
4456
4744
-3836
-3496
1868
7348
-768
2704
-4556
-7256
3412
14924
12756
-2240
-10620
1916
9308
9084
1852
-12876
-17952
5196
25436
300
-30152
-16028
16188
24404
1984
-10760
-10228
3332
21252
17072
-7096
-26484
-3240
13512
12316
-4684
-11180
-14016
-2456
12904
9672
-8276
-11232
-1624
400
608
3280
-612
-8448
-4616
4864
6672
-5036
-9828
644
-2084
3028
19052
2312
-17860
-11920
13144
8976
1012
2800
-444
-6132
444
20840
11244
-15460
-11464
6116
7844
-1640
4284
4072
-3520
2632
8200
-2608
-3028
4364
3300
-10640
-13028
-1676
6828
532
-8632
3880
-5192
-256
-3364
-1696
920
-400
-532
-1860
3680
1452
-5108
-8928
1480
3760
3976
-2200
680
900
-2900
-4992
-2292
-1584
492
6500
1720
184
-5448
688
11956
10752
-1280
-16724
-17488
4224
17316
12584
252
-12008
-8088
7784
14640
3880
-11364
-19976
-1324
12580
12716
-2252
-10992
-7776
2372
9984
6032
-5096
-6232
-592
7992
3812
-2188
-4568
720
2072
4588
-7492
-8744
-416
5708
2672
-1064
-7840
492
3260
-116
1096
-2072
1472
3096
-6400
-8932
-636
6412
2832
76
2268
2456
-7236
-156
8124
-5984
-4828
14764
17580
-8976
-8852
1404
-4888
-2524
1360
660
-12512
-14352
2208
5800
-2628
-8096
2324
1420
7988
816
-4892
-6612
3064
7060
4812
-4084
4320
-68
2688
4188
7984
-1532
-5508
-3000
6416
5712
-4484
3040
144
-10660
2276
19468
-2988
-26316
-1892
10984
-5768
-3492
4716
-10200
-15888
4584
14176
2968
-14588
1256
6692
-116
-1936
2180
-2828
-824
5732
-2764
-4064
308
4932
-144
1568
-172
4432
-4348
-6092
4904
6748
-152
-1420
-2684
1912
880
2680
1524
-840
2156
1108
1832
-1772
3596
2512
-6556
-1620
-4872
5752
7948
3084
-2160
-4160
-1500
1004
5268
-1772
-4632
-7648
-10312
-2196
17720
11064
-7444
-11952
-3820
7132
6200
-1364
-9984
-1528
9924
14820
300
-6744
-13720
-592
3744
2736
-3452
-10840
-4000
2072
3804
2120
-7228
-4004
-1148
5284
1844
-5972
-9900
-204
7048
5308
-2720
244
-1688
-6920
6464
6180
-2608
-4596
-6608
-3248
-940
13728
17540
3532
-7628
-9128
8684
10760
2984
-3636
-12292
-17104
8012
24180
7348
-26120
-18308
6768
14080
14196
-4884
-18508
-4896
18924
26012
4580
-17476
-7688
10612
18756
3984
-12472
-15292
-2576
8204
4772
3892
2552
-6704
-8684
1040
10284
3760
-10240
-8312
5476
368
528
-396
-1312
-8912
2856
16520
404
-11200
-3868
13100
1076
-7072
10000
3472
-12788
7132
14220
-4620
-2400
5312
-272
-7384
3572
13432
5124
-4344
-9032
-9288
7164
15588
908
-14888
-18176
-4392
14668
2096
-9116
-1816
-3068
3332
2612
-2292
-100
-7324
-1148
3308
4460
-608
-6804
-7440
-1344
5008
8412
-9992
-6208
1980
12864
1216
-6124
-7356
-3736
2704
9112
808
760
-4656
-1576
6372
11944
9792
-2276
-16872
-13048
12132
16112
2236
-12928
-10048
8032
18284
9952
-17660
-14388
-2760
14196
13244
1568
-10344
-10360
1528
10320
7356
-3348
-6052
-1464
2324
6880
1060
-8040
-12228
2112
7740
2744
-5616
860
-2744
100
-664
-208
-4208
-1172
-1336
2428
-4772
7840
6496
-11144
-16996
-1884
15232
8332
-7672
-13324
-13816
4592
24616
7480
-26892
-11084
24488
22704
-4056
-16224
-5756
1736
2548
7380
-7940
-14312
-10176
11752
10496
-8136
-14120
-5940
9300
16700
5236
-7064
-8628
8340
13692
8176
-6428
-376
6628
232
1952
-796
524
892
3032
-3520
400
4892
5176
-5092
-13572
3052
14200
3112
80
356
-4536
-17592
-1884
14592
2796
-15264
3492
4916
-9388
2124
11680
-612
-20444
-7272
8024
4044
3396
-3192
-12552
-1376
16620
20836
-1368
-17240
1192
12724
3500
700
824
-5416
3928
8520
612
848
-3280
-1324
2048
5432
11920
-1796
-2904
-6384
5904
10640
-316
-6272
-10976
-872
12516
9544
-2228
-10924
-7404
4240
8348
2956
-6076
-16196
-20748
-1876
22100
23536
-7548
-25028
-15348
11580
16580
6284
-19284
-18856
-248
16416
9652
-12552
-15952
-24
9420
2732
-3652
-7960
-6688
952
4732
6336
-2580
-9164
-5636
2404
8160
4076
-5276
-1116
-6136
2636
10496
3188
-8500
-6532
1368
7228
1488
-2124
-372
-3576
-5720
2684
14568
3364
-8464
-9916
-7872
11488
24728
6876
-27216
-26516
5884
17116
-9748
-15420
452
1816
7036
15052
584
-7304
2400
14996
16212
548
-11008
584
12560
5360
-3284
-4228
-5048
3256
8540
1840
-3164
-1464
-6860
-4560
-2392
4128
-4352
-388
-556
-796
-1432
-500
-2212
-8400
-12408
5432
9600
-2404
-4572
-2440
1680
-5916
4164
17396
3008
-17704
-36
22876
5608
-11696
3768
10644
-1836
2664
8936
5948
-2924
-864
-7208
4928
10840
1280
-10364
-8600
3708
4372
1380
-3876
-2920
-4308
-220
5100
4696
-6488
80
-1720
1096
-804
6212
2312
-10316
-2980
4752
8240
-348
-3216
-12
4120
4932
-2500
-9240
-9272
2860
6780
7640
-5412
-5084
-980
8768
10504
8896
-9148
-14828
-7116
20464
17640
1208
-10596
-11280
2516
13428
10756
-10524
-14580
-7508
6316
13576
3792
-8232
-8300
3732
13784
7676
-1600
-2328
-2400
-200
1828
5900
-3156
-1636
-772
-40
4948
8092
-6604
-5380
-1424
4588
2860
-2180
-1976
-5496
288
5376
6324
1884
-13700
-13800
-2560
9012
9664
4924
-2600
-19956
-7432
17056
10544
-6480
-5948
9364
8388
-2596
4632
3812
-11108
-13764
2676
2316
748
-4724
-6212
-5024
-3148
-120
5344
2524
-260
-3908
-1036
704
8324
6640
-3260
-3260
6336
1332
-1636
4848
2648
-2780
1944
5884
3392
-1508
3820
6044
-5460
1368
3884
-2984
-10376
7192
10924
-8760
-8248
4768
9576
-13344
-11388
4724
6288
-4324
2968
3896
-1896
-3812
-3180
-1092
5172
2548
-13340
-11412
1384
13520
3684
-208
-3740
3196
6276
-4648
-480
1916
-40
2040
652
-3860
-3876
5208
1668
1724
-1976
5920
2968
-3904
-656
5292
624
-2500
-1196
3144
3232
4976
-468
1096
-6752
-5024
3588
10352
1452
-8184
-9232
-8848
10332
18220
9344
-15076
-17768
-5832
14408
9756
-6600
-17020
-2848
15596
12244
3648
-5496
-13452
-1828
6356
6332
-2720
-9168
-3284
1432
8644
-2588
-5704
-3288
1692
6420
-80
-2328
1940
-1664
2604
8276
5928
-8696
-10168
212
7928
1032
-1712
-2436
-4968
-10844
560
8660
12540
728
-880
-8732
-5120
4384
15580
588
-26892
-3636
30640
10128
-28124
-17060
12412
16760
6232
1364
-10520
-7212
12272
22676
40
-13688
-13744
3416
20648
12524
-10164
-22768
-8200
9508
15692
-2796
-9332
-10964
-4936
-1200
3600
-492
-2760
-11704
2128
10372
532
-8176
-9140
-9092
280
16308
7892
-12520
-10836
7060
4264
-5184
5128
5152
-3920
1156
12788
2520
-10476
1948
13064
8104
1588
-180
-2848
2860
1916
8472
276
-3132
2812
6256
1900
-8148
-424
2980
-5484
-1068
10384
1848
-7912
-6544
-588
1684
7908
3332
-13808
-6124
3364
6180
-2744
-5700
-240
-1372
-4252
3576
6072
3368
-3028
-8180
-2260
628
2420
6700
-2980
-6452
-2760
5552
7768
10000
1612
-9828
-12600
-3372
14352
12756
216
-9256
-5072
5248
19004
13600
-9104
-17196
-7316
11488
18468
3424
-9904
-11512
3328
9224
8360
-5300
-9988
-2608
6996
3800
-3260
-7976
-4288
2504
4184
3392
-340
-9816
-3024
6388
-700
1324
-2916
-1028
-3152
904
10468
8084
-3168
-13212
-7752
1472
6724
6916
7936
-15404
-18940
4256
23020
5632
-16272
-10908
8232
8932
13716
-704
-21760
-17832
14300
19260
-2736
-21160
-22916
-1916
15356
12024
-10640
-19620
-3820
12004
16540
4012
-6848
-3644
-2152
5272
10480
9332
792
-4760
-228
2360
5340
3608
-2776
-5460
3132
11484
6152
-4256
-9264
3936
648
-1328
14920
-28
-21268
-6824
19208
7880
-15884
-5444
5024
3084
-7744
4964
4308
-3180
-9092
-2072
4648
6312
480
-10364
-9940
1896
14980
12448
-10680
-14252
-2140
12960
11336
-3804
-5644
-3960
6676
9648
4240
-6676
-11400
1360
5280
5328
7448
-1252
-3420
-1356
3956
6112
1200
-6412
-6752
-1712
10512
8292
-364
-11564
-7152
4844
8412
4804
-6608
-18568
-9832
13060
23968
3028
-20900
-17404
-1948
14996
13284
-5120
-15688
-8724
12304
18232
5856
-12460
-13556
-4400
8176
6752
-5240
-11288
-5232
4028
9156
5208
-2992
-7076
540
-828
4156
-5176
-704
-3264
5384
11804
2708
-3368
312
2380
-1996
-2064
6528
1388
-10944
-13340
-2220
13368
17136
4980
-8684
-13732
-10804
12992
18124
-2624
-27728
-11212
22644
9284
-10448
-11716
-1124
5284
6772
7740
-7120
-7956
10968
13904
3456
-5512
-13936
-476
23244
8564
-9748
-15092
-2880
12448
4804
-64
-2428
-5556
-5144
4836
10692
3484
-8916
-5816
4472
2380
4276
4880
-5436
-13588
-10104
17868
3564
-7216
1532
-6016
-10536
1744
18400
-2264
-16868
4704
13984
1988
-680
5340
-3036
-11556
3488
8116
5244
5752
-5644
-7676
1024
14056
9636
-7372
-15400
-2772
5128
4132
-3224
-7032
184
1176
5772
2208
-7428
-9528
-4508
7772
4748
-1256
-5384
-7776
-8844
-1312
9940
3024
-1028
380
708
3344
4004
-136
-9836
-2348
5608
7060
3744
-3052
-5184
-3620
6676
14376
8828
-7044
-20848
-11872
12272
20148
-2024
-15720
-5768
5328
13284
3524
-14692
-16776
548
9932
16148
3200
-10936
-10400
-1596
9124
7160
1932
-8812
-2984
2996
8588
3352
-9152
104
-2724
-200
4432
-236
-3732
-1912
416
2480
-296
-2496
1184
-5340
3088
8864
8360
-1752
-12732
-11020
5492
6208
9156
-388
-14872
-10900
9144
5200
-6288
3884
9876
5172
-2212
16396
14796
-13868
-19116
-9520
9844
12192
-2936
-12544
-18776
2180
3416
-2112
-4924
3756
2648
-2648
-2224
3216
2944
-6312
504
3772
7812
4024
-3728
-3180
-2196
524
3316
1316
-7124
4840
12864
532
-9500
92
6680
-2580
-2288
13840
2104
-14012
6524
12996
-9236
-14612
2260
7052
-12516
124
8188
-948
-2124
-8760
-6636
436
8948
10360
-10224
-18116
816
12776
17024
-1104
-7144
-392
5956
3316
2784
632
2320
2220
5612
2656
652
-4528
-6080
4476
6760
3728
-4124
-1304
-68
2776
-524
524
-2028
428
-1924
8068
4400
-2500
-8280
-5396
-548
2092
6152
1012
-13604
-11824
5356
22352
12040
-13556
-16140
-10352
8624
12852
4172
-5692
-696
6620
12720
3692
-7272
-10088
-5180
1984
7572
6848
-5500
-4108
-8556
7008
1004
-3324
-496
-1848
-700
-4304
1328
5936
-716
-204
4976
996
-6584
2692
6888
-6688
-11172
-2712
2600
-6232
-7600
4288
8684
13288
6140
-5836
-11340
-6264
15436
10220
-15724
-8312
13264
4820
-16896
-7296
6392
-996
-8108
4516
96
1864
3432
6660
-480
-6204
4060
3008
1400
6580
4888
-9596
-5636
5012
-20
-6196
-5068
1940
-892
-2864
-4880
-2532
1012
2208
3924
-1144
-2456
-1424
5564
-5132
-10004
2108
-808
-5940
7304
20128
-5304
-17260
-1136
15252
4220
-9060
-1244
2076
4404
8088
48
-6148
-13092
5632
18504
6308
-3384
-10444
-56
1752
8548
10720
-6784
-3908
-8380
-3200
5336
164
-4488
-1548
3800
4048
-2692
-4204
-1280
-2824
-5028
1584
1292
-3152
-1792
1644
1368
2428
4848
-2816
-6428
-4968
8088
1200
-5088
-3164
-1764
3016
6648
1668
-544
-6556
2008
13636
13924
292
-14840
-17060
4284
19992
20408
3512
-15316
-8980
3096
19324
12900
-6368
-21988
-8272
14684
10232
-5848
-9008
-7680
4024
9416
8436
-1932
-3312
-3820
5236
2268
-2468
-808
508
-3152
-284
1916
1648
-7340
3080
460
-3776
-2160
8700
4896
-6176
-5464
4120
6552
3004
-5440
-15276
-8808
1636
21092
4880
-15300
-17552
8740
14656
-2080
-5772
1872
10808
7044
12576
-6348
-13768
-9532
5364
3884
816
-9416
-6472
-8776
3900
8420
-8908
-7412
3736
8052
-3896
1924
4440
1968
2280
2848
1656
-896
4996
8744
2916
-4176
876
-2164
-1624
1252
7724
5636
-7456
-6072
8380
-2308
-14568
3916
16532
-10880
-18032
10864
10588
-8308
-5000
8740
-10516
-14148
-1464
10712
3676
-5336
-7276
-4744
4564
6248
-372
-12000
-5156
6892
7992
7508
-920
-1504
876
1060
4880
-828
-2900
160
588
-36
-220
212
-132
-1400
4564
4232
3580
168
2880
-372
-7208
3264
7584
-2764
-3120
4304
6964
944
-6340
-5160
-1060
5240
4396
1648
-11432
-9696
-10704
7996
21728
8408
-8436
-14172
-6196
5412
8308
-1456
-9104
-4400
3964
13412
5100
-24
-13492
-10736
392
8016
-904
-9792
-5980
2704
7948
1704
2612
-592
5628
-1860
-116
1208
184
-4120
8192
3892
-4496
-4004
1160
6412
4508
820
-568
-2856
-6156
896
3116
2784
8312
228
-3452
-10268
540
13840
-2776
-21128
-8664
13712
9248
-4924
-1220
-10904
-11520
5652
17764
5052
-7616
-8564
-4260
7616
12536
12776
-7964
-9700
3940
3596
-1688
-2496
-4392
-8108
-3768
-172
5584
-1660
-6752
-2320
-4884
-1356
1008
-1956
-4736
-1748
8396
-2844
-5976
-6228
-360
-108
-220
8020
6516
-11520
-9312
10708
9500
-4368
552
9688
-10696
-10936
13076
17016
-6396
-11452
-10168
1004
13632
8508
-664
-15620
2420
23224
7712
-11360
-10152
-6852
4952
4140
-1544
-2816
-1748
4852
-728
1352
-3020
-1664
-416
-2740
5580
10048
-4788
-9060
-5912
-3656
5876
6700
-1632
-11480
-7576
3328
9372
-1656
-7508
-4456
9332
9412
3960
-4736
400
2728
3840
10672
3284
-16008
-23116
1828
18864
18432
-3840
-23560
-9588
9724
17308
6292
-9596
-14144
-5328
8908
6668
-392
-2128
-5096
260
7284
12812
652
-7388
-1848
2124
-100
-6024
-3492
-812
-1776
472
4164
-7148
-6240
1232
3236
684
3888
-1784
-1124
-5500
4984
6652
10184
-880
-9812
-10640
-6604
3564
10980
4956
-16176
356
15276
5972
-9836
-1692
8440
1396
17304
6756
-18468
-23312
2736
15404
7088
-6372
-20312
-13468
-2032
17048
6372
-11684
-13552
4988
15540
5020
-2764
-2116
-5760
2384
8848
8264
1356
-2760
476
2500
7236
8964
-3972
-14040
2660
16988
13680
-4456
-8240
-4552
-4508
8036
16980
-4588
-20772
-1720
11252
-48
-9464
6296
4204
-12840
-13528
6192
13144
-416
-9888
-13252
-4292
8372
17396
296
-24916
-14512
4880
18972
6012
-8996
-9440
5192
17712
2128
-4076
-9488
-424
6504
5960
6132
-1648
-4956
-5176
1576
10660
6040
-4584
-7420
-1396
4808
11664
488
-5352
-6748
2248
14576
4780
-3776
-9440
-3008
3256
8308
3488
-5564
-17916
-16956
10524
26064
7056
-15844
-20068
-2684
12744
11376
-3148
-17364
-1488
14576
15812
2292
-14892
-11428
1684
4208
3364
2252
-8364
-10076
-3812
4868
7504
-2900
-8084
-4404
6652
1540
-504
-5724
-1204
8048
2056
-5180
-576
-824
44
-628
8312
1788
-5128
-10412
-7512
-2248
8620
9572
7224
-500
-12188
-1128
9972
4388
-2236
680
-1872
-9288
-4296
11736
1904
-12232
-1628
4384
9016
6996
9700
-6624
-8308
11504
9540
2408
-28
6136
-1756
-8920
2388
5144
-4636
-9172
-1164
-4576
-3424
7260
328
-2832
-5228
4460
3552
-5976
-2704
3104
4704
772
-3776
-3104
-5112
4856
13524
-6064
-21976
508
16140
-636
-4044
3720
-3524
-4700
5940
11156
968
-5256
-4272
-4532
-872
7892
13684
-1752
-9012
-1452
5604
7032
-2920
-7096
-7968
-2376
5652
1576
-11444
-740
5760
1068
-4912
-4556
956
6248
-2052
-2196
2648
3592
-748
-4472
-2260
4604
1936
3124
-2520
1680
1540
-1176
-3580
-3792
1668
3316
3988
-3520
-2664
3804
4460
5256
6768
460
-12604
-12864
-3436
15196
14416
-420
-12044
-3768
7196
14924
2304
-14332
-11724
1640
11816
9644
-8748
-10476
-6764
6788
2976
2740
-6312
-2340
1776
3896
2372
-3708
-2408
-4388
-1060
4196
3036
-9872
4768
12328
-1792
-12392
-556
4064
1984
80
5744
2936
-3688
6008
3364
-5440
-13504
-1144
17536
11020
-11560
-5668
-668
3956
9656
7968
-9040
-11068
20484
23444
-5752
-25520
-12020
-4140
3916
2820
-5248
-19860
-2676
8632
-3344
-5308
3156
4724
-2256
5592
2600
5680
-3652
-592
2208
752
2068
2960
2104
-256
-1956
-1504
160
1356
2820
8668
-1948
-4548
-72
-2660
-10052
7868
17108
-10556
-24684
3092
10048
-4968
3244
7440
-10800
-10636
8956
14944
-632
-13200
1352
2048
-2792
244
-2152
-10636
-7340
5300
13420
5176
-4016
-1860
5720
4176
9660
3016
-4688
-2988
7648
8004
-6060
-8932
-1192
3056
3928
3284
920
-2364
2756
4876
-1492
-336
1136
1448
-7088
-3888
6264
7580
2012
-8932
-9024
2616
5532
5544
-8216
-8332
-9804
3844
15372
22228
2868
-22460
-11900
6224
18084
10444
-12388
-19212
2168
21072
16220
-2296
-21472
-11400
5592
14384
2236
-8640
-12248
-232
9832
6448
-5100
-6524
-5828
5548
8048
5692
-3216
-7096
4492
14636
3408
-5572
-576
-5072
-3204
5824
3752
3544
-8872
-6396
1912
8164
5132
4504
416
-9048
-5368
8876
3632
-11348
-20
2716
-5044
-12208
-2132
28
-9160
1480
12260
-1436
-8184
-4320
10004
12688
8168
-448
-9380
-3988
17256
19104
-11932
-21920
-2052
6956
3764
756
-824
-8788
-8552
3972
5712
376
-4292
-4516
-8984
2960
11796
6628
-8920
-15540
-5280
5728
6820
312
4132
-12268
-17472
9132
25580
3472
-9808
-3004
956
-1316
14400
2840
-15672
-1940
12100
7624
764
-3768
-204
1032
2648
7408
8172
-5620
-5576
-6032
4220
5536
-3820
-5784
-2756
5760
6036
-4500
-11844
-9276
6268
4292
4568
632
-3924
-7752
-1500
912
-2276
2084
-3484
-3124
-6396
228
5056
-1584
-10580
-8812
-5292
9220
10012
-1552
-12116
-15004
4292
22600
19188
1048
-19668
-20188
5244
23312
13092
-1024
-18480
-8200
14252
18424
-6440
-26916
-13012
7284
22488
10108
-11128
-17440
-7048
14392
14888
7392
-11396
-4668
-1448
11108
10772
-4068
-7548
-8544
1780
15100
2080
-6644
-5940
-1876
-72
-884
8764
440
-8640
-4000
9648
7324
5012
-3948
-14088
-13756
1820
22056
8244
-17604
-12948
4460
16192
5944
-2764
-13176
-8500
19636
31436
10712
-21812
-20368
-3536
16052
13652
2996
-18928
-22476
-764
15944
5112
-10716
-4296
2832
5584
6232
4568
-5976
-3680
2300
8640
5288
5468
-4944
-7052
276
10660
12104
-5556
-10776
1184
7264
7376
3592
1704
-14912
-9576
15276
15384
-16020
-17192
3460
3100
-5416
3876
3112
-11740
-3044
12108
1296
-9920
-2044
8992
-1204
-5424
-6540
2392
5008
-1048
-6980
-3556
6580
13020
7728
-6084
-776
6868
1008
-4148
896
2136
-1732
924
-1716
812
-2164
-312
3100
-1520
3040
3788
-5020
316
128
6744
2412
-3664
-5960
1880
6468
7396
-2516
-11328
-5084
44
8752
-912
-10876
-15720
-8064
18756
24812
-1224
-15060
-12564
1928
10484
6636
-11272
-13580
2104
15220
12860
-1784
-16052
-12764
2192
14500
4628
-5084
-8300
-7284
4652
7588
1064
-1696
-5376
-5220
8352
8572
176
-7668
3220
10964
-2020
-4436
360
4648
-2332
-5772
3248
4980
-6456
-4200
-6056
-7792
1820
15092
3732
-12240
-11376
7496
9608
3780
-2420
-14824
-18240
11888
25076
-3220
-30192
-13320
18612
19476
2284
-11512
-15000
1724
21912
23668
-3968
-12084
144
14484
7472
-6252
-6468
-9944
-3184
5252
-1780
72
-2768
-5580
-6568
-3356
6084
4528
-176
-5308
7828
-1248
-5204
-896
24
-7992
132
13964
-676
-18616
-8480
18000
3208
-4124
10948
8848
-25712
-13636
21852
17036
-7992
-7524
-2232
-3304
9644
9720
-7764
-8856
-1184
5544
7724
2800
-9348
-6676
-28
9980
4856
-5496
-3296
1448
5952
-252
-2144
-1400
-1392
1508
2512
5948
-904
2812
-1360
-2152
-4424
6840
4004
-7328
-4844
6388
5788
-7960
-3720
-3404
916
6052
1900
2644
-1596
-1256
456
9560
8216
1384
-15988
-16256
5288
19420
13764
-2752
-13384
-6640
6808
13372
4616
-11512
-15324
-4360
13772
14072
-604
-6440
2792
3136
6264
2544
-4884
-348
972
1212
-352
-884
-8164
-3764
4748
796
-6100
-1320
2068
5456
-7020
-9776
-1992
7796
332
5852
1924
208
5356
3828
-1552
-13184
-260
9060
9636
-5164
1584
-2544
-5196
5696
10508
1080
-1512
14584
6596
-7220
-10400
-3352
-1864
3928
4824
-5560
-13076
-9312
9216
3544
-11008
-7996
-580
10836
5640
4956
2008
2676
8840
3912
-1432
-4104
4364
11048
3560
-4576
-1312
2600
532
4284
3480
-2644
1716
-1052
-4884
-8944
2432
12052
-800
-14676
-1528
5280
-9404
-1092
9908
-4700
-18484
-660
14772
988
-1872
-1088
-7188
-10048
-2236
10692
-7552
-5416
1440
9644
6424
1136
-2420
-2556
2960
8688
-536
-8460
-2920
4404
5764
4608
-252
-1236
-3760
6632
6828
2888
-5084
2564
2452
3284
-1936
5012
1856
-744
-2624
2804
3724
1684
-3220
-4012
-184
1332
4624
2168
1208
-7180
-10844
-172
18992
17628
-2452
-19008
-13000
2292
15240
9416
-9384
-8808
2316
13520
8096
-256
-13372
-5620
-1684
9168
10368
-5564
-9928
-3296
4060
-2668
-7088
-4928
1596
10704
3184
516
-6852
-228
4080
3152
-628
-2300
-4888
-3680
2136
8096
760
-4212
-7044
-2636
-800
-1452
11072
11376
-7912
-12372
2364
8700
-4396
4104
9380
2676
-16872
148
8784
-3892
-7896
-2288
-4420
-928
6500
1404
-2676
-1600
10480
3236
-10332
1584
14892
11636
-7284
-9608
-4132
1832
5988
-4068
-8480
-6628
8368
4084
-2696
-8656
-380
-1020
-12
6268
5560
-9252
-12112
-1216
2916
-492
10204
6156
-16444
-19136
4824
18016
2188
-1300
-4056
-5864
-2584
11484
12940
-11868
-17312
8424
9124
560
-3280
-2184
3268
2788
2464
-2028
5128
6420
780
-8356
-5516
-128
-6388
-8600
940
9888
-176
-13596
-5336
116
5200
3120
-2036
-7576
-4620
1540
4040
440
-3504
7060
7104
-5476
-6296
-84
4728
132
-1436
-6104
-2032
2332
7892
4572
-8872
-7132
8860
17412
10452
-9784
-21004
-10500
10452
28660
7488
-20208
-14264
632
17308
12384
-12600
-21176
-5856
9192
17588
2576
-4188
-8876
-684
9404
6824
2184
-7684
-2876
2900
2736
2860
-4404
1068
1836
1260
-8300
-3720
-1756
3988
2672
-6604
1836
1856
3976
-1932
-712
3400
4532
2860
-2432
-7612
-10236
-4948
10840
5792
-4808
-1872
-32
-7204
4092
11188
-4788
-6588
7712
11392
-5504
-2956
1652
-9136
-3544
-2072
1632
-5532
996
1520
328
-13284
-4552
7024
5980
288
-4988
-5540
-464
8960
10692
920
-3408
68
3820
1868
5572
3480
-4736
-4176
-3528
5720
892
6076
-2520
-13404
-5200
15144
10484
-9756
-13008
-1728
3936
-3308
3736
8796
-9324
-18520
4120
16924
-7652
-14012
-1900
2724
1964
5900
-424
-15828
-5892
8600
8272
-5360
-8788
1368
1476
260
11492
-1944
-3604
-2644
5984
8032
1508
708
-5964
-4968
2900
13224
4460
-6784
-3368
24
956
-1672
-1888
-3244
-5300
-4420
2920
6032
3612
-888
-7296
-5236
3420
8784
3004
-5104
-12104
-14340
3552
23924
14196
-15516
-21832
-4136
11964
15512
-2292
-20328
-7868
2028
19528
6844
-6892
-18596
-4452
8580
13348
6600
-13776
-12688
-704
12860
3816
-3596
-12888
-4068
3220
9472
1904
-3108
-7548
-1564
2564
6912
-636
-5832
-4296
5092
5480
4436
-2764
-3100
-1024
-8368
2232
12352
7648
-20
-6900
-2660
-3240
-336
8020
6748
-14240
-21260
7052
23684
-1120
-25932
-11096
6388
19288
14004
-5700
-15880
10556
28168
18520
-11836
-20520
1236
14152
11344
-6060
-11232
-8636
4660
8656
4164
-3076
-3908
-8648
-3516
3648
4080
-1604
-4972
1960
4272
132
-3412
-5768
-8252
-6216
11956
18828
-2392
-13056
12396
8720
-9416
4200
6812
-604
-6152
6072
13972
1692
-4660
-2900
-3884
356
8180
14448
-5224
-11272
1312
8520
10792
292
-8492
-14984
-6428
11620
12492
-5880
-13988
-1200
2356
2576
-800
-3192
-9216
-5004
4564
7124
-1992
-10876
-13140
-3584
2264
10012
1784
-10512
-5684
-344
3992
5064
-1820
-7208
-3144
4572
11044
-8
-4216
-2912
3928
10400
11868
-2472
-19180
-16508
1140
21024
8680
-8488
-13476
-2948
15152
17836
-104
-10872
-11444
6996
12908
6552
-1276
-8456
-12312
6824
17048
5396
-9552
-8992
-488
6860
6204
-3540
-6668
-2824
7148
8200
2476
156
-2676
-7044
-4356
9716
-392
-3444
-3548
-456
408
5600
7552
-1328
-10480
-11740
2320
8244
3976
2192
-6436
-5124
3704
16792
6216
-16804
-15868
17200
25104
10372
-9968
-28336
-22052
5468
28004
10704
-25604
-29504
-4244
22520
6852
-9736
-12812
948
9696
14176
-632
-6124
-4444
-2496
4388
6852
11884
-4000
-5952
-148
6268
6376
-4376
-7668
-5204
4856
8568
4164
-9348
-10864
4780
17128
-6720
-3400
4856
-6244
-13940
11560
8032
-9008
-7796
900
4268
2552
2864
-1708
-10828
-11496
-1824
3980
4204
-3268
-4536
-3292
8644
13064
4616
-6320
-3436
6312
9440
-1728
-6004
-2468
6404
8076
2460
-1664
-6920
-3444
2852
8888
2116
2900
-5628
-6780
-956
4776
6836
-2924
-3780
-4236
2244
6956
864
-3388
-7556
392
6804
5272
2048
-8488
-19100
-10444
13696
27348
4292
-17248
-23264
-4836
12904
17772
-5976
-21240
-1108
17108
12564
3556
-14392
-10688
3484
13200
7764
-6040
-12076
-7848
3864
13564
8076
-7516
-10812
-648
6232
6616
-5204
-4460
1968
772
844
1120
-1160
-9656
-2304
6124
2316
804
-680
-11036
-3904
3712
19728
9192
-14796
-15928
9460
7492
948
3956
-5996
-12188
1876
14348
-6476
-25476
-3240
17584
5344
-3628
-3088
244
-328
14372
9132
-5116
-15744
-496
14976
12772
672
-12004
-9872
1532
8412
7440
-6692
-12308
-5092
1076
-240
1424
-4320
-8480
-52
5228
5932
-6820
-3660
168
-2972
-6380
8056
16208
-4812
-10672
7492
1728
-4736
11704
8108
-11116
-11668
14860
22108
-7284
-5564
9344
-2116
-3032
7528
7536
5480
3916
2932
-4684
1568
10704
6404
-15948
-13244
3756
11212
-1620
-11456
-2684
-1148
276
-804
-3400
-5636
-4164
0
4452
612
4868
-4968
-11776
-756
12352
-700
-3300
-5476
-1620
4292
2632
-3596
-9552
-632
3560
4596
3468
-4292
-4404
-2156
4100
15820
8708
-11468
-21576
-7720
14336
21108
5412
-14248
-15328
364
17756
12264
-9116
-14064
-4600
17720
12824
1160
-6728
-4664
596
4684
6712
2472
-3264
-1100
-1940
632
-676
-4292
-2396
2196
1244
-1184
-1100
3100
-5412
-3780
412
4580
7932
88
1144
-8044
-1992
9960
8992
-3304
-18424
-5172
16092
14332
96
-9948
-13752
4240
23496
2236
-13704
-1912
5984
4748
7828
7328
-11844
-24644
-7264
14160
7572
-9564
-12664
-6680
2376
5272
-2540
-2120
4536
1916
264
788
2576
2432
-1948
-10796
4740
10216
3720
-1856
-1200
2072
-4744
-1876
6808
5992
-536
3992
5268
-4784
-2504
9036
-1024
-8668
1928
8444
-8148
-7080
3456
4088
-13796
-12644
10724
7508
-15500
-6540
6944
-100
-13036
-8308
672
604
11924
-900
-8128
-3472
5144
9868
1828
-612
4468
848
-348
3904
8772
1448
260
-3260
-2552
6740
-360
-2784
-7056
4576
6748
516
-2128
-520
3356
-1892
-940
1956
-400
4648
4124
-2020
-6580
-3900
3984
4056
332
-4584
-10664
-9692
3628
16704
18260
-2788
-17668
-13116
1848
12388
3256
-7768
-12820
1216
12356
14344
-2476
-9404
-7768
6884
5444
3592
-7604
-10976
-2636
4408
6244
-3960
-8720
-264
8424
7356
4840
-7692
-5188
1692
4588
2832
-2180
-6612
-8116
2968
4528
-1152
-6884
-7952
-1944
-1448
-2636
10904
7760
872
-1656
-5596
-13028
8316
24104
4080
-30084
-12096
12952
1676
-3708
4468
4108
-9500
-1492
12228
8004
-620
-44
6896
6620
252
-3376
-356
8316
7488
-6232
-9060
-2748
6928
576
-9424
-5448
3328
-3120
1284
-1828
-4900
-7976
3760
7912
8464
-3668
-6748
-6440
-7540
740
12740
8320
-10040
-6484
7876
-3492
-4596
13484
10248
-13916
-11124
12684
13540
-11096
-6888
8416
4788
-3656
-4440
-1040
6588
2884
-4732
-6560
-1056
6972
4752
-10020
-11316
2084
6348
4476
-4908
-5936
-800
1832
-2712
-6728
-3264
1688
1996
-1188
-1448
-956
-1332
-5156
-2252
8028
2548
-5612
-664
-5808
3920
3204
1200
-9624
440
7360
5912
-1476
-4548
-6760
9120
22344
11500
-3120
-16340
-16480
4620
19592
16516
-3884
-17936
-15436
7496
22144
12576
-15184
-22932
-3396
21460
18156
-4612
-16340
-13192
5724
11484
1732
-3708
-5564
-4916
8712
9188
-2272
-8344
-10152
4620
8384
4684
-7912
-12992
-1804
7984
8340
656
-7840
-2992
2244
3248
3476
6924
5364
-11656
-15904
-7596
4260
10388
5412
-10440
-9416
1724
24244
5404
-29128
-636
26048
17696
2312
-4224
-22344
-13552
9440
16560
-1900
-23880
-18156
2288
13236
6880
-6808
-11964
-1448
13336
7304
1708
-2588
-668
1168
5632
8044
5688
-7944
-9556
2684
8428
2908
1020
-4472
-3880
6156
16496
-648
-16468
-812
12556
-5720
-1704
6788
-2344
-15588
-2620
15608
3948
-14668
-1892
2712
-14296
-9984
12908
10548
-5332
-15636
-3816
8876
15812
8140
-11100
-19064
-3692
17068
12540
-668
-5124
-3596
5172
11228
4864
-5516
-11680
-1832
10136
6320
1652
-7280
-7728
-596
7656
8964
784
-5724
-2480
5896
6064
-2736
-7704
-7672
1900
8640
7288
-604
-12276
-7596
888
12176
3836
-12216
-15144
-8780
12824
23056
6292
-16768
-16644
-5112
8748
6484
-2548
-6628
-7700
2996
14744
9524
-6928
-14400
-9600
7988
10692
3032
-11708
-4624
852
12052
5404
1676
-3396
1732
2908
2504
-3228
-8036
-5856
5424
5084
36
-2624
-2812
-4860
-172
-756
3020
3104
-976
-10476
1404
12824
12208
488
-12700
-13496
540
21376
20116
-15860
-30124
-1776
31312
7260
-26560
-14260
2372
14768
12200
-452
-17564
-5700
18844
25332
1948
-13440
-11636
8136
17388
8512
-13016
-15124
1544
12980
724
-9616
-1408
3024
-4892
-8484
-1992
2752
-3652
2176
-1396
2740
-3336
132
-2340
-5440
-2904
4920
-2444
-2092
9404
8
-11756
-4840
25964
7996
-12140
-1544
15192
-3024
848
9836
1088
-3204
72
6360
2652
3284
3968
-5252
-8620
9124
19108
1112
-16916
-13520
7760
4800
-2076
-5068
-872
-2996
244
-948
-296
-2084
-2968
1432
1296
2160
164
-3228
-7124
1272
2148
-996
444
-2692
-1600
-1804
3600
2168
-8968
-7612
1512
5152
7388
-1740
-3228
-2256
8224
13296
8012
-12948
-23388
-2520
16204
17144
-3652
-11244
-7296
5704
13560
-1368
-12968
-9476
-520
8876
12840
1220
-2348
-5432
508
8856
6436
-2964
-3684
-6920
5536
6620
616
-8888
-5952
1908
4212
4152
748
-7340
8
5508
1908
1424
1584
3708
-1644
-1368
5156
4276
616
-9528
-6208
-3588
2744
12444
2480
-17048
-16688
14536
27492
-6308
-30128
-10076
23244
24732
4232
-14604
-19824
-8036
12384
17568
-16152
-20596
-6312
8796
7872
1468
-11892
-5284
12040
14272
-368
-4688
1244
3848
-1812
-1088
6008
5260
-2316
-544
3404
2500
2116
-1780
1004
-788
4684
5848
-5184
-8480
-2260
2528
-3508
5444
10100
-12112
-14848
11856
11824
-17208
-11748
10160
8792
-7384
-9508
2820
7380
1616
-8224
-9204
3860
13028
6516
-11316
-13476
1420
11484
4648
-8864
-8636
860
5912
2596
-1416
-2280
-1632
1588
5456
-504
748
2500
-692
2592
6716
6956
96
-7424
-440
8620
5036
880
-3624
-3944
608
10756
4168
-2912
-7196
2656
3792
4248
-3196
-4120
-9660
-12764
9760
20936
9112
-11740
-18592
3064
11532
5096
-5688
-9068
2032
7552
3328
2248
-3800
652
1296
1064
2388
-912
-2084
-4272
-1788
1920
1680
-3568
-2032
4808
4220
688
2956
-2428
568
3428
10056
-2524
-12288
1848
1564
184
1076
948
-1300
-4208
-6828
4568
11760
872
-4192
-3624
-8068
-8056
14476
20428
-7304
-22036
-136
10836
-13296
-3988
8728
-3536
-9324
2084
16316
10692
-3372
-4096
5292
5648
5420
-3380
-1960
9580
1992
-5800
-5048
7368
2820
-4752
-6004
-7952
304
-1176
6564
-5048
-9080
-368
4652
5520
2680
3728
-4476
-12364
-7840
6372
7200
-4900
-2840
6088
-6768
-16468
8616
18668
-7400
-12852
9564
13652
76
2452
1072
-5376
-1340
7088
1008
2084
5052
1688
-4304
2172
7352
6240
-4752
-11560
-1236
6924
4128
-5816
-6880
-1544
4284
3168
-3084
-6688
-2460
6260
3348
3404
-1484
-1668
-48
-3096
3868
2988
1788
-3924
-5896
7732
9284
-760
-10308
-10640
2448
10640
2584
-1360
-6208
-2592
8868
15860
7160
-1312
-10624
-13440
1244
16412
17864
-2400
-9760
-1872
3328
11688
404
-16816
-15940
-2828
10904
3172
-3588
-4676
3128
3336
4224
832
-4588
-4344
-828
7944
2472
756
-3464
-6280
-768
5076
5580
-1564
-11492
-3036
6364
-1068
-928
-2164
1884
-3156
-1012
11444
2316
-2756
-16104
-9156
6780
10844
5296
-4488
-19304
-4500
10984
3844
-2948
3508
6424
-3484
7824
9244
-3296
-16312
-5388
9132
-744
-3068
-6452
-9476
-2516
3420
-2500
-10156
-4304
8772
11084
736
-7424
-1792
1360
1756
6172
3716
-4916
96
5432
4864
-1636
-2644
-912
-1032
3836
8584
7864
-2644
-9528
-1852
-1304
-3612
12632
14148
-12992
-19888
5644
6588
-3452
-5664
2688
-4468
-10872
5096
7876
-1720
-6988
-1640
-1056
5436
4872
-6012
-14996
-2636
14140
10852
-2640
-7344
2076
10848
3480
-5888
-2236
872
3288
3436
324
1364
-1324
3364
-2408
4260
-72
-5428
-5300
4756
6288
-484
-28
-1792
504
-248
5112
9500
-1620
-11508
-3024
1752
4320
2196
-768
-11688
-11524
-424
22172
20016
-4272
-25716
-17592
1152
17608
6108
-12148
-17964
140
18972
19984
-436
-20064
-17008
5348
13872
11412
-6676
-16476
-6456
8340
6968
-344
-10156
-5812
4828
4804
3036
612
-4260
-5624
1684
9080
6228
-7648
-2284
-3476
-2968
2132
3372
-2016
-12560
-3680
2648
9792
9840
-2908
-9300
-7100
13124
15776
-6816
-27804
-2804
19296
1916
-11484
-5464
1724
-2304
2732
5840
-2860
2068
7744
13076
2472
-3012
1824
-6512
7192
11888
2936
-19684
-14052
3860
10744
2544
-1752
-1352
-5684
1228
7524
2912
-7804
-5872
280
4856
44
3020
364
-17380
-9980
8400
7240
-2084
4108
1744
-14224
-5312
20696
14376
-14084
-8224
13468
7844
3312
6436
288
-8492
-5180
4868
9292
6528
-5840
-13140
-12168
7440
25800
5396
-12108
-13208
-6248
11256
6332
-1732
-11484
-2480
12136
8648
-1100
-7504
-5920
-2400
904
3620
-5008
-7560
-9456
-1212
4180
4040
-572
-2992
-4024
3604
9764
4540
-11112
-8180
3076
10304
12240
-956
-7608
-3036
4276
13244
14052
4528
-19640
-22400
-1108
21636
13004
-8752
-19368
-6532
16692
18796
408
-18756
-14640
4480
14380
14060
-9076
-7656
-692
6800
11188
-2492
-13212
-7008
6824
8704
5528
-4936
-4892
-3064
4248
5944
8308
-6236
-6048
4736
2892
-4036
7080
1652
-3316
-5908
4180
11332
8008
-4280
-15300
-9156
-1648
2632
13948
5368
-24372
-4136
23416
18668
-5856
-19852
-12512
5692
27480
20608
-10736
-30108
-14104
17564
20728
3864
-20032
-27584
-9496
17924
13344
-13932
-12056
-6176
10040
10560
6788
-468
-9540
-4468
8064
14188
-1476
-10860
-3884
-3332
6060
8696
-1768
-12644
-4068
11204
10792
-6028
-2460
-2204
-16528
2320
23768
6812
-23312
-6732
12640
1408
-6940
364
6992
-8372
-11232
2076
6392
928
-6312
-8820
-7520
6844
9036
-2652
-15500
-2684
12444
13360
1296
-8072
-5092
2608
10368
1876
-4088
-476
-20
8956
4896
-356
-2808
-3948
-624
9336
7736
6020
-1216
-6056
-4200
6660
8244
2516
-6440
-8760
1640
13496
5012
-7620
-11696
292
6796
8132
-4624
-13056
-13188
-6388
10480
19012
3920
-19060
-16844
-1892
10632
9176
-4276
-10592
-7752
14148
12640
-220
-11580
-9624
948
9792
7664
-2436
-14792
-4096
-280
2792
2088
-10692
-6820
1864
7432
-3400
-4596
-684
-2884
8500
1308
-5940
-4272
4280
2260
-920
360
7564
-1208
-11244
-6036
508
11944
6548
-1464
-11816
-7980
6448
12656
-1284
-21028
104
11328
-2860
2736
2084
-14580
-7648
15200
18652
276
-12536
-3900
6360
14236
14832
-7632
-18040
-664
14716
5944
-2888
-13772
-7812
-1368
3020
7176
-2056
-10312
-1668
-216
-80
-3764
4388
-3344
-4340
276
6296
-1948
-6144
-3724
1208
-992
1796
9064
-552
-16452
-592
10392
4548
-748
8564
4440
-8376
-772
13972
11064
-12192
-9556
-1684
1780
6200
10316
-2532
-9084
-2760
19004
2220
-6536
-5948
1984
2908
-716
-2740
-7676
-4984
3748
5668
-2796
-5892
-5360
-2872
-1476
7272
-828
-5828
-756
180
-1144
-3056
-1100
1432
-1300
-880
660
976
-4916
-9376
816
8468
4556
-148
-2864
-4
-1488
8408
9336
-1908
-16812
-14468
6880
18936
13416
-6532
-13180
-6496
7632
13828
928
-13580
-10664
1456
18616
5048
-5424
-5696
-4004
924
2868
3112
-5320
-4408
-408
4468
1492
-2792
-4312
-7440
5476
8032
1540
-9896
-3212
3796
3652
3504
148
2832
2488
-7172
1076
7512
9352
-1264
-11400
-12480
-1880
14924
17024
-4748
-16040
1476
12820
-3372
-7408
5852
5912
-2076
13484
9804
-14672
-9416
6288
-548
-6076
-3712
-8424
-6708
5232
9788
-9004
-10396
1052
8332
6328
2284
-1012
-5480
-5476
-2264
3968
5168
6140
2176
808
-3604
-168
4152
2660
-5024
1100
5228
1828
-668
68
-3536
-4664
10984
12988
-15072
-9008
10180
6324
-12904
-4940
4796
-4716
-6424
2816
12728
-296
-2632
-5988
-7604
-1392
9696
1236
-12044
-14564
3496
13212
3448
-5700
-2424
4628
10920
8052
-7828
-6916
288
2780
2728
668
-2676
-2272
-1580
-436
9220
-668
-3468
-3588
5580
2540
-620
4156
-1296
-4248
1332
2968
5312
4564
-1548
-5504
-7128
3056
6772
1000
-12928
-14380
-10160
20348
17208
-3456
-20760
-15332
2648
15804
6744
-11080
-18436
1464
11876
10236
-2456
-15812
-6360
1312
7408
3820
-1916
-5312
-3500
1616
5712
-2716
-2732
-1132
2636
3928
-1272
-2832
212
3744
6260
780
-4064
-2480
4256
588
1812
-1236
-3712
-3016
-864
1616
3436
5300
8696
-5776
-11812
-3236
16332
12376
-6104
-16008
2848
4256
-11048
-6068
4812
-2868
-472
11216
64
-4628
6964
12324
6292
3176
-1520
-11280
-2920
12716
13992
-6136
-17840
-580
5736
3000
-1308
-3764
-5044
-4848
5148
4524
-644
-5272
-4676
780
3212
8396
-1808
-14352
-17628
1256
7504
-1796
-556
8828
-5984
-8492
13832
5012
-5240
4888
6580
-2084
-8620
8940
4676
-6396
-1408
9176
-2268
-1544
2148
3024
2172
-1588
-396
2964
-1132
-1584
-516
-8116
-668
3436
-1264
-5908
3036
4476
-6192
-12924
3796
9036
3376
-4104
3588
324
-4596
760
-1000
-1752
-1224
3184
2600
-4112
1252
2680
3064
-3868
-11012
2924
6788
6676
-1984
-7892
-2852
11628
15604
6248
-8256
-23360
-15164
12052
21600
6260
-16024
-14248
2328
15088
14076
-7028
-16248
-11728
13148
18472
3596
-15152
-14368
-60
13512
11432
3956
-9660
-9448
-1704
8180
9032
-3104
-10684
-7420
5788
12528
968
-10408
-3064
1824
1916
1368
92
-6912
-8132
192
10736
4976
1060
-5324
-5920
-13224
-1948
7924
12120
-8016
-11996
1420
5620
2588
5760
672
-5636
5948
16044
272
-8868
-10040
648
-468
-348
2044
-7048
-17288
-952
6896
-760
-9036
1412
6376
3548
-3188
332
-900
1092
3476
4956
-2368
-2068
6644
8480
784
-1120
-88
884
-8796
-936
11684
8680
-144
-372
-9468
-15056
8896
22976
-9848
-18164
6432
2068
-12076
7772
-96
-17200
-11028
17544
8780
-8068
-4592
-5544
-2944
-112
7768
-4648
-10400
-5080
5724
7900
4060
688
-2848
-7060
6284
9852
6324
-1816
-5388
6684
4900
3940
-3560
-3688
-7888
4184
10548
6780
-3680
-3176
-380
-700
8500
1800
-8072
-5516
824
11940
5680
-2080
-10648
-10456
6196
11552
8832
-5024
-15000
-16412
-6028
13128
22812
-692
-14596
-11508
1428
5992
10024
-4132
-9508
-3200
11332
12112
684
-7308
-12904
-1584
3864
5176
-1132
-6916
-1876
-204
3060
3240
3524
-1316
-2324
5220
4696
-516
-3204
1508
2436
1648
3704
1688
-6700
-6552
-32
7736
-76
-6864
-7096
1248
196
7156
12100
3408
-13216
-7336
15908
12896
-6172
-11720
-3088
3288
-604
2540
-2460
-12884
1024
11104
1576
-5280
212
8316
8612
5232
2688
-5568
-8280
14672
16228
-2776
-11528
-1376
1596
-2312
5708
-1624
-3824
-2824
4180
-644
-3712
2236
1676
-3132
-96
4856
3788
-1784
-7880
-1896
-1824
8384
8352
4560
-11816
-7512
10128
11580
-8020
404
12172
-5936
-6312
12564
9336
-5156
-1956
7376
-4632
-5716
8116
4960
-6088
-4664
3428
4380
912
-4312
-3276
-848
1908
924
-904
-2796
-1676
1636
-1496
248
-472
-2128
-5736
2696
2692
7096
-2172
-7460
-3324
-3296
1080
2280
-2136
948
3104
8204
-2096
-5332
-8576
-1200
5572
4056
-4340
-8660
2756
5628
6972
10364
4384
-12684
-15364
1816
19468
19836
-1152
-13888
-10824
6116
18824
9104
-12336
-22352
-6992
18544
17872
-2648
-10632
-7076
-972
11456
3984
-6392
-4744
2612
6948
3512
-3596
-9544
-3024
4032
7108
-524
-5176
-4024
-4744
-7180
-2004
10068
4624
-532
-2660
4456
3088
3720
1640
-3432
-18776
-2500
14548
11664
-7932
-14232
1836
12828
12320
3868
-11680
-15052
15840
28220
4712
-16524
-23032
-3820
10192
17752
3000
-21188
-28208
-1680
21968
7444
-11896
-8968
-1280
3012
11980
5260
-40
-7416
-3020
1736
7208
6460
-292
-9320
-4472
6788
5032
-4456
-4244
5940
5720
3692
4752
2360
-16100
-1016
12924
736
-17152
-2056
8252
-6180
-11020
200
2912
-2220
-9636
3736
3236
308
7212
972
-18008
-6040
11328
11068
-5956
-11104
-9692
428
8016
15800
5584
-9712
-3936
4840
5220
496
1344
3160
2168
-2440
6120
4612
-108
-6928
-1508
3820
7756
7760
-6072
-11436
-1216
8608
5120
-5412
-6880
-1528
7312
7924
-2628
-2536
-7292
3676
1612
-1332
-10372
-15380
-11660
9360
22836
8024
-17008
-19428
-5380
11816
12392
-7400
-11496
-9648
8480
16020
6040
-2272
-12144
-5804
2928
1232
-1848
-4148
-2736
832
1000
936
-1784
-428
2456
4312
1148
-8236
268
5364
4908
-5152
-8044
5056
2884
-3408
-1096
4404
-60
-6480
1760
-972
-3276
6960
7588
5572
-9356
-14316
6552
13708
-1336
-7464
-13052
288
9524
9424
-14688
-24700
4524
21732
6652
-6344
-7756
-1572
7436
17964
8876
-10472
-11220
9472
16136
6928
-10208
-12824
-5304
4620
8584
-2072
-12804
-6884
1088
1404
-1648
-6204
-16
-1184
-1712
5176
2064
-8548
-7904
-472
1576
3612
11744
-1928
-18644
-3792
16192
5156
-13304
-8120
7852
11400
3440
4856
-2304
-9736
4964
11116
-172
-8124
6036
6208
-828
208
-6332
-4420
-1152
11008
3520
-6324
-10704
-60
1952
3992
8116
-896
-9020
-8448
-1284
7812
1756
-3576
-5068
-4744
4676
564
-5456
-7424
2384
9424
2736
-2036
1268
-4052
892
-976
-1416
2636
-1940
-184
2756
-4940
-3368
4112
10564
9936
-432
-16616
-14244
5308
21224
14444
-9724
-12228
-2248
12884
9840
-1924
-13108
-8228
9076
10488
3972
2456
-8376
968
5680
6892
1596
-4724
-2808
-3648
5672
744
-1608
-10192
-4520
7196
7928
-2192
-6164
976
3600
492
-880
-956
732
-3104
5492
1600
-3328
3676
6588
-6232
-12248
-7076
5528
7516
4212
1484
-11328
-13220
5140
22396
6372
-16712
4764
11736
8420
3152
-12472
-16688
-3312
4668
1080
-10764
-9160
-1372
5248
-1404
1804
-6780
-156
-2028
-264
3960
-848
1960
5464
1512
2804
1888
2776
-752
-2568
1320
-232
-4308
1548
7260
688
-2636
508
-6188
-11332
3628
18796
1232
-16008
-6588
2536
-6148
308
7880
-12776
-19992
3468
17472
-3780
-11080
1276
6208
1464
-5820
-1040
-5680
-2460
4424
-168
-2772
4112
8396
2348
124
2964
-1912
-4232
2796
5836
5128
592
-400
1772
2652
-1648
3040
-1940
-48
3164
4848
-4688
-272
588
2712
-1064
-3788
-116
3792
4492
8048
-2068
-11160
-1788
5724
7668
-444
-13364
-9160
-1404
15456
18696
-2376
-20708
-13720
-52
7192
4548
-9460
-11816
880
11504
11308
-832
-6780
-9536
-2704
12432
5852
-4292
-5952
-2496
-2652
2120
-2212
328
-2488
2636
-1660
1860
-4724
-92
5376
6100
5340
-736
-2644
-5496
3436
6856
2632
-2464
-5352
3732
1376
-4100
2908
12020
4192
-1576
-1040
1424
-3788
8636
12872
-8704
-23684
2956
17332
-2172
-14680
-484
5668
1368
7172
1236
1384
2172
3444
3572
-6148
1316
9928
10268
-3776
-12096
-8484
3784
14224
7532
-7164
-9820
-3284
848
-828
2220
5580
-3044
-8004
1400
6444
-1304
-2856
-4852
-5532
-5328
10160
8028
-9036
-15796
12608
4932
-6436
4156
7612
-7596
-14324
11576
11812
-7188
-7012
7800
2564
-5844
-88
9932
4952
0
768
-6500
-776
7772
8964
-9244
-13220
-1588
7696
928
-4584
-856
-2756
-2944
5904
-572
3672
-3384
-3544
-3932
1340
6696
-2432
-8644
-472
6088
784
-7436
-2744
-2192
2428
-2648
-5116
3008
1324
5380
2428
-2388
-3068
-3816
2200
5676
8736
2028
-10064
-15764
9136
22040
7800
-6788
-13716
-1796
14432
17560
-416
-16100
-10100
-1416
7600
11188
-2748
-9980
-1364
4988
7052
3108
-5108
-5212
-12
5428
4920
-3048
-7588
-1284
4388
8388
3896
-940
-3596
-1988
2704
748
20
-800
-592
5468
3656
-2340
7712
-3960
-13240
-8592
408
11060
-1456
-732
-116
-2324
-2280
8192
6692
-9568
-4340
13732
14252
-2176
-7688
-1936
-7240
-2916
1848
-6428
-15476
-6196
6596
3140
-4464
-2932
4232
7108
3952
128
-5168
2292
2828
2384
-5716
-2616
3356
9696
-4340
284
-760
-4840
-2924
2448
7272
-2100
6028
4112
-7936
-11036
15120
4200
-6968
-4356
10028
-3008
-10368
4668
5184
-10724
-10888
11684
4948
-19820
-6552
11736
5284
-6712
-7160
-5184
4736
7972
-4328
-16388
-10728
10776
17448
-652
-9656
-3908
1696
3476
2612
4820
-2316
-1948
-1168
2716
7572
-456
-4964
-9436
3540
14360
4296
-6200
-3488
-1112
8492
3828
-5268
-1092
1972
1436
1312
-2556
-1256
3488
1756
-276
212
1504
-10248
-10960
4680
21324
4528
-10144
-17464
3312
10300
6488
-3980
-12116
4440
10268
10772
1884
-6436
-5780
3184
4728
-1356
-3132
-3640
-2824
-544
3764
1056
-1164
1820
-1284
3400
-1820
-176
1880
2992
-412
3212
-644
348
-1968
5236
612
-3544
-3292
-2956
-3380
-4392
-1040
7700
5824
-564
-2564
-2108
-4744
3680
21468
-3524
-30104
-13352
22156
21988
-16492
-29720
-4868
15176
18988
7420
-9776
-10936
5648
22176
11060
-7000
-8404
17524
10064
-1480
-13288
-9328
-932
9072
-1092
-9048
-1096
1928
-1560
-3312
2228
-1076
-9368
-1188
7848
2504
-4900
-8508
-4784
-4564
940
11428
8968
-11364
-13264
4292
5792
-2688
7188
9600
-12972
9096
14716
-24
-17672
1092
11012
-2532
-2512
2528
2552
5904
6360
2404
-3088
-1952
2644
-180
-8660
-4172
4952
4504
-7476
-532
10456
2332
-4560
-5176
-11332
4004
6048
364
-4956
-6096
5336
1236
-7504
-3328
1712
2048
-5560
-5912
7892
4984
-1520
-7132
-3328
132
7436
8704
-3256
-7500
-2300
5868
11520
11732
-6124
-19804
-17396
8616
21264
6288
-8420
-13720
-1492
15780
11624
-9196
-17688
-740
11552
13140
-76
-11440
-11904
3896
9160
3592
-1388
-6220
-1668
6824
8096
3248
-3868
-3308
24
6452
4052
-360
1308
-3448
1188
1668
1208
-2296
-656
1088
1900
2316
6884
-2696
-8480
-13208
-3360
8528
-1512
-2320
-2224
-2480
-1172
15560
11768
-13588
-14024
11908
23620
708
-7516
-4848
-6576
-760
9904
9616
-15844
-17596
996
9932
4620
-7616
-7240
-6280
6604
11804
8844
-6740
44
-628
-2764
9972
12044
-1332
-9268
-5180
6584
5332
-1064
2160
-1020
-3268
5276
9212
7160
-14804
-9632
4844
7004
1732
7620
-2176
-20228
-7124
21892
10292
-19488
-19516
5196
5676
9992
4172
-14436
-13200
812
11292
12432
-6280
-11676
-5488
6920
5848
14236
372
-10256
-380
10012
7304
856
-3416
-6636
-1844
5472
5820
-3156
-6176
-1636
3564
4196
1096
1852
-3136
-5124
1004
6796
900
-4664
-5336
1256
12208
5412
3024
-8248
-9268
3156
6284
6728
-5792
-19380
-14388
4308
20256
15936
-10012
-21484
-9644
11424
14304
968
-17292
-16824
2788
17504
11820
-4436
-19044
-5888
9000
18656
272
-7756
-14192
-4100
8100
7092
-1724
-8316
-8652
7752
5544
-1204
-6688
-2580
-3012
68
6640
5004
-3004
-7692
5324
8780
1160
-1412
-6752
-9308
-5608
6612
8328
9572
-8964
-3012
3300
1612
6540
6696
-10576
-8344
11724
11692
-16768
-16140
6420
9292
4636
3968
3884
-4832
2400
13408
9092
-956
-5812
-2804
10620
15716
-4012
-14412
-8248
5796
8424
-2488
-11084
-1908
216
-5304
-1244
4012
-724
-6964
3488
3268
-1260
-5800
-1684
-3928
-7964
1740
10164
-5676
-8280
7044
3040
-7192
6728
18000
-3836
-13848
9140
13216
-7680
-10604
8756
8760
-9340
-9592
8668
9732
5128
-5328
-8320
-776
19844
8464
-5656
-17404
-3176
5308
284
-1024
-288
-3244
-2704
-6424
3648
3912
-100
-860
-180
344
7036
2248
-5132
-8444
-700
3404
1476
-2348
440
520
2540
-824
-3160
-5964
-1036
2416
3716
5160
-4584
4352
4692
10736
1096
-8484
-15116
-3332
11348
23552
10340
-6640
-16288
-452
16640
12580
-3312
-18252
-13296
2556
17340
4120
-3784
-8512
-1548
12380
6888
-676
-10816
-536
6388
6724
2336
-2608
-1632
-216
-636
1680
4708
-3664
-6436
2192
2160
1580
1916
3336
6684
-4424
-2700
6400
11144
596
-20288
-11100
4312
11624
7252
-2680
-15048
-4744
16068
22060
-9508
-11388
8748
6120
5516
7740
-884
-17668
-11504
8240
6852
-3052
-8148
-4704
-4248
4480
2416
-2868
464
5144
4468
-5172
-2552
9896
5868
-2748
-9732
6752
11460
6648
1860
-912
-3884
-836
7996
3736
-896
-1656
8816
-5908
-4596
1680
2596
260
-184
4692
-6712
-13304
6844
8524
-16052
-18524
12148
8300
-16348
-10472
6644
11296
6752
-10800
-9772
-4416
5292
7668
-8992
-10328
5524
14236
5900
-6756
-2564
-2024
-1424
-2324
1712
6800
-240
-2400
3744
5508
4180
-948
-6744
2136
9032
2016
-4784
-588
-1028
1956
-1908
2096
-804
2608
1868
-1028
-420
-824
-1432
2496
172
3024
-4972
-12164
-17040
2016
18956
9552
-5752
-14984
-10808
5776
9644
2736
-14532
-1520
4816
9960
7508
-3352
-11784
-7504
-2168
4812
-316
-4656
-4384
-8264
1868
6276
-3724
-5864
-64
5472
7108
-2040
-2772
256
560
-60
-2664
-1988
-968
5420
1184
-6904
784
-1136
-1592
-6956
-1148
3572
5412
4484
2540
-1912
-13160
3124
21564
6976
-17732
-15152
14508
-2352
-14284
144
7428
3392
6844
2000
100
-1000
13800
14728
5524
-6996
-10440
844
19356
9636
-10040
-14376
628
9892
7576
-5768
-9612
-11240
-3336
5296
3568
1416
-6104
-1456
2740
7800
-2160
-8096
-8840
-9044
1164
13620
-3868
-8776
188
6212
-11372
-3844
10804
5336
-10908
-5504
11328
5228
-5436
-388
4228
-500
-9320
-3248
2980
10356
1296
-3200
-660
4004
11128
-2744
-12400
-7388
11364
2380
-6628
-2092
2248
456
3204
-812
-4556
-4628
-3540
5492
-1000
6336
-1312
-8276
-4528
1780
8232
-288
-3028
-5180
420
1364
1748
-3288
-8668
308
4180
7532
720
-10824
1436
4732
15556
13696
-3616
-20244
-18072
7456
21904
10080
-9800
-18324
-5660
15116
26432
-1304
-24368
-15832
2124
19740
13780
-4256
-16056
-5424
7328
12416
1144
-2716
-8232
316
7412
8276
1224
-9160
-3184
1972
6696
2592
-3920
-3708
8200
8204
3788
8
-5492
1188
-2204
2652
5588
8428
80
-10024
-10152
1788
14952
6044
-1804
-13460
-12276
11220
25804
-2324
-29672
-7196
11360
17880
13784
-2636
-22428
-11688
17884
21272
-10152
-25580
-17572
2400
13616
1248
-7904
-9368
3280
10436
7476
240
-3056
-4788
-1548
92
11356
8164
-3968
-3828
1296
6976
9004
4880
-6284
-7412
5572
12240
3620
-12676
-372
-492
-5252
8412
22192
-2412
-25788
-9332
20048
10700
-13100
-5712
4852
-3644
7480
8816
-1216
-10340
-14296
-2760
3144
2892
2392
-9736
-11940
4324
15452
3000
-12652
-11720
-328
9088
2552
-6860
-7512
1712
8068
4036
468
-4832
-5628
-6088
4020
6056
3804
-7892
-5876
1332
4620
7312
5068
-7620
-7480
3764
7308
1164
-3844
-10464
-2868
2400
8824
748
-5368
-16276
-13828
6740
17292
860
-17532
-13908
-2092
12388
8132
-1388
-16984
-5112
10632
16380
5832
-9416
-13736
-248
8100
7560
-2420
-2412
-5176
3208
9388
-1900
-3740
-8344
-920
5560
4720
-256
-1748
-2708
2684
8988
-2620
-1116
5032
-3964
-1216
3456
140
-1076
-2400
-9276
1084
11640
10684
7528
-8316
-17612
-1196
26848
23636
-14928
-30112
-6100
29476
11312
-18720
-18364
-10412
8340
20896
16320
-12600
-22736
-756
18260
15692
-5048
-19016
-5976
16632
12080
-6848
-9048
-5852
-812
-140
264
2596
-5320
-6176
-2396
3316
-2652
-2464
-5624
52
4892
2888
6500
-9040
-11604
-408
17468
7716
-4292
2952
1460
-10972
12744
18428
-10668
-11708
11764
9180
-216
-3728
64
-856
-3484
3848
1892
10040
1004
2140
-1224
1608
6388
9704
-4288
-12648
-8576
608
188
-156
-1032
-2652
-4748
540
1116
-2844
-20
376
-212
-1848
172
452
-2756
-1264
-1512
3220
1380
-2536
-96
3184
5920
1392
5244
-6356
-6880
-220
9056
7168
-2164
-6660
-128
10068
12636
5700
-11500
-19304
-3200
17464
16860
3120
-6772
-9988
2152
9840
6552
-14216
-14880
-2544
12648
12384
3132
-13584
-3948
6964
5624
2592
-2012
-7520
-3196
6140
868
-4604
-2180
-2420
-3756
-2208
5560
3368
-6340
-9580
616
3812
-596
7340
-1304
-8004
-1812
6248
8108
348
-10632
-9796
-2372
11688
16548
-868
-21268
-10028
18964
9516
-13864
-9336
24040
10668
-15104
-1816
10380
-3344
-8836
764
-608
-4368
-92
1936
-3208
-1592
-2164
-10412
5076
15664
4812
-12984
-6424
8836
6608
-2560
-1792
-1796
-2592
1528
3956
4080
-996
-4832
2568
-1888
-1096
7156
5808
-4076
-8224
-856
864
-1872
5644
4560
-5688
-18056
304
13928
-4592
-14984
504
448
-3700
-1700
608
-2248
-1864
3064
-5108
-2888
1328
2880
372
832
2928
-1916
-1892
2508
4844
1728
-1772
-172
3680
6868
2252
-1868
-1468
788
4804
5336
-1780
304
5452
7904
848
-1348
-5420
1128
7672
6280
-2096
-2928
3652
3644
5548
-2428
-8092
-2364
7212
2372
-1936
-11912
-15036
-10380
13720
26192
10128
-20124
-22168
940
12576
16024
-11572
-18284
-4260
9724
13800
3212
-10936
-10748
-6076
9036
2208
-4068
-7452
-6196
5848
5272
-196
-1892
-4484
684
648
-392
-1272
2000
-1868
3868
1188
-2988
-4648
1704
3560
-212
-5228
5068
3564
-8800
-1496
-3008
-4152
8344
16124
-2288
-17968
-4708
22428
9860
-16744
-15416
10612
8424
-15392
-6820
7364
-8228
-4588
-3048
4516
3980
11076
4592
-588
-4868
6924
3732
3324
4392
-2616
-9940
-10160
4684
8016
-11240
-7184
-1940
120
1068
2228
-3972
-640
1636
3928
9740
-4312
-3068
-6504
-8136
-2684
15324
2820
-5656
-2384
896
-6728
-5524
11368
10892
-10664
-4992
7416
3928
-6072
8960
7036
-7780
-3112
44
-2012
1944
-1600
-4488
-4780
3420
11984
4516
-7864
-12796
-596
8756
1152
-3224
-3792
-1940
4764
6372
-3092
-8460
5280
1200
-2140
-912
2044
496
-2228
-7428
-4356
-1780
1276
-356
-3276
2344
12116
-752
-4288
-4180
2340
4620
884
-572
-5212
-348
4220
8868
6652
-3584
-15628
-11160
7428
20920
4276
-6884
-11092
2704
7664
12176
-2616
-19056
-9844
240
13964
2384
-6100
-7196
4004
8956
8692
-1188
-6428
-4108
2212
10740
-412
-11680
168
2552
2520
3876
620
-8028
-5884
5328
7896
292
-2416
1724
4564
-3284
4984
1772
2400
-2084
-6392
-1568
-660
4156
8252
-3640
-16792
-580
13028
1076
-11296
-616
14324
3160
-1488
-1312
2708
-804
-5372
2156
-6312
-56
5292
-5088
-13728
3984
-4196
-4388
1840
12100
1924
-11288
-72
3136
4996
-3508
2496
-636
4592
5084
2872
-4308
-720
3252
3740
-8408
-2416
3636
6956
712
-2232
-340
-6220
416
16300
6648
-16232
-10164
4100
1600
-4520
8368
6832
-9872
-15584
5800
13452
5844
-10760
-13572
-4796
14408
11960
-8240
-15624
540
16056
14844
-2528
-12016
-812
8964
13308
3820
-5124
-5000
1292
4640
2664
-3804
3084
1152
-2396
3092
11136
6444
-2740
-5992
-2860
596
6156
1084
-8404
-2760
2680
4952
-5212
-400
-8620
88
232
684
660
-5516
-13076
-11980
11500
19924
2400
-11280
-15740
-3320
12088
6176
-2012
-6288
1112
3976
360
192
-5004
-408
-6408
4768
-1156
2184
-884
-4436
-416
2460
-412
-144
-2104
3056
2024
728
1752
-3176
20
7420
-3108
-10212
2852
6156
-2304
-11388
-2092
4744
2572
-6628
-5400
4996
4540
2640
5636
-4128
-14748
3072
19812
-12104
-21784
-2868
15888
3672
4332
1900
-18672
-10752
15680
15956
-10184
-8432
3460
12900
9972
7648
-6980
-13304
1820
15284
3592
-7584
-6188
-2392
-1332
2208
4044
-2484
-9320
-3936
4992
808
-6112
2688
404
3188
3568
4968
-5148
-15384
-4624
6628
4124
3456
2616
-10844
-12212
9920
12528
-5940
-9424
7160
9584
3356
4948
2008
-4436
-6428
14476
8032
-6892
-4276
1292
6696
5708
1016
3800
648
-5872
-3636
-4276
-3104
-696
-5152
500
3732
3772
-1400
-4852
-2272
-2776
4856
696
-1464
2328
-1188
2808
-996
-3280
-2684
2300
-1456
920
688
4652
1292
-8644
-5692
4728
7784
-1568
-5644
-5724
2728
8812
13156
6048
-12028
-13272
-5492
7796
17292
8544
-10920
-11108
-2168
14536
12584
-5344
-17016
-5468
3076
13124
2380
-8076
-7128
4768
11620
10756
-5436
-8948
-1844
8208
2712
-5744
-4268
-524
-2616
3180
4704
2236
-7024
-1912
4184
148
-4432
-2208
2064
-4764
-1156
2752
6912
-6268
-5052
-6612
-2300
-1660
6556
13212
1560
-14372
1200
12172
4288
-9876
-4060
1500
10300
10688
-2816
-14812
-10876
11024
14144
1080
-14320
-18172
-13196
6612
19788
-1868
-17276
-7444
13836
18176
1612
-6264
-3308
-1076
4776
14188
3952
-10596
-4416
5188
5284
1952
-1240
-5612
-4352
9748
14812
-792
-8868
2176
-332
-7448
11484
18752
-14524
-21728
9324
