16000
16223
8328
-2456
-14128
-10932
8216
5412
-2968
-7304
516
-2556
-4188
-696
4256
2064
-4132
-2648
-1208
412
-5324
-6376
444
-152
10240
4768
-7056
-5432
5888
6852
-480
-6352
-11264
-3868
10312
11892
5784
3328
-256
-1988
-116
-2876
804
-3064
-128
2276
-2860
2724
348
420
-328
4608
2360
-5544
-2772
-188
-496
1980
3300
-1096
-3464
844
2864
4316
-708
-7344
-1928
-2600
116
4592
4120
-3344
2832
1472
-620
-620
4660
7388
-7828
-10360
1672
-4364
952
3336
-4640
-9828
-2676
12736
2512
-6520
-552
15176
6700
-3144
-7612
-11048
-7668
4872
3524
-9544
-16280
-11212
12796
11524
-2436
-5292
-9516
-7008
10708
8764
-1424
-4300
6236
5680
3352
2804
5084
-992
-6672
4996
13368
-476
-2956
-4932
-2600
1464
1856
-2976
-9500
-5236
10100
10080
-9808
-4740
7812
-6316
-9840
-1604
8656
2836
-6992
-6284
-4288
3444
13108
12876
-8680
-26304
-5496
16344
13592
-1180
-13428
-12664
5268
20540
5244
-17416
-4880
12260
18052
4164
-4764
-5120
-4372
1616
9064
4512
-2592
-5008
3388
5092
-100
4292
2400
-6124
-3264
-4128
728
-3532
1432
1048
1248
1384
-2080
2728
-4252
-2464
4816
5560
-3492
-12272
-9784
2728
13884
13508
-600
-9368
-12676
-3772
32
6044
1988
-5788
-4212
968
7208
2900
-1348
-5580
-7816
-1540
4120
1896
636
-1080
-5996
-6016
1004
2376
1976
-5052
1064
-2504
-1620
-2572
1168
496
3796
2752
-11492
-6848
3380
3936
-6328
-5372
2820
9908
-8740
-6768
4388
8720
3868
-2744
1512
1536
6352
1184
-9852
-2084
11008
9244
-14688
-22880
6276
16668
-1912
-1540
-5936
-3504
10320
11504
9156
-4356
-9476
-1788
11068
6524
-508
-8080
-13124
1496
5796
-628
-3968
-5908
-4524
-1848
1012
-1692
-3580
-12088
-2576
11852
5200
-364
-5164
-6336
-4640
4428
16932
-600
-21320
-10056
10336
6896
7504
10056
-7780
-5892
-456
14928
3756
-13732
-1264
7028
1560
-7708
3020
11060
10356
-8508
-9352
-6364
6732
16732
7372
-15720
-19340
8228
13568
-4144
-12480
-8828
-2860
8472
14228
1620
-15352
-6628
8408
5020
-548
-2960
-6760
-6960
148
6904
3960
-1636
-6660
1280
812
2748
-2104
-1964
-992
2608
6052
628
-160
-4128
4672
8980
-96
-8488
-12308
-2556
10288
6724
4056
1024
-544
648
-6260
-6568
1792
5028
4136
2544
-8720
-2604
4272
5448
-612
-1232
-6364
992
4500
7368
672
2964
-2552
-1412
-6820
-872
1856
3384
76
-3760
-4240
-1456
5032
7204
1364
-2776
3868
3292
-1492
-2320
8172
2584
-6704
-7588
-2888
3812
-1048
592
4120
-4320
4656
11092
-1764
-16672
-2124
21744
12632
-7000
-17128
-15280
-1536
18496
9564
-14868
-15744
-6896
4228
8768
992
-10452
-9416
4328
10468
4344
-8012
-2496
3396
3052
3296
6032
2652
-6300
-7516
4036
1568
6000
10360
-748
-12696
-7752
-256
7520
-3020
-3160
8684
-2084
-1872
3692
-7228
-13320
-5640
5048
3664
-544
5420
-3448
-10852
-356
15900
10460
-7872
-19960
-9996
8836
16900
12568
-12536
-13628
1848
19384
5184
-14920
-6740
6400
4076
8200
9060
252
-14780
-8520
5296
7816
5352
-5884
-7396
-272
5660
8804
-792
-2028
-4700
-3832
332
3592
1580
128
-3244
3264
4980
-1332
-6796
-8104
1800
6008
6048
-2780
-8168
-5396
3996
14608
8396
-8888
-5216
-8584
-2532
-2584
-1352
4972
2396
-2664
-7196
112
2572
6860
-8800
-10896
-3512
104
4164
-2996
-11436
-2740
-3032
-2916
-1352
6028
1832
-4096
-6692
908
-2184
-2928
4192
6032
-2852
-7668
-1928
-2068
-32
3008
1368
-3908
-6248
3748
10832
7164
-2376
-4480
-376
3032
5844
-5272
-14160
2532
17528
3968
-16648
-20040
-3536
14204
10468
-376
-6984
-3392
5736
17776
16332
208
-11672
2724
11032
8392
-4376
-19080
-11764
9000
12676
-3500
-7232
-8212
-1096
-660
3952
244
-7468
-9196
-5220
6560
1844
984
1856
-9484
-8136
124
16916
1348
-5648
-2676
-7616
-2604
12904
15008
-4636
-14944
-668
10868
6584
6712
-1056
-5076
-9920
-856
6220
10404
3636
-4656
-8128
-1448
8012
15224
-1244
-16788
-5424
5580
3704
-2240
-4240
-10340
-3008
1720
4656
-4008
-4300
-3704
-2328
-652
1604
416
-9220
-8836
5444
6992
276
-1336
1032
-6460
-1384
9348
5548
-1668
-5148
1020
11696
10424
-2768
-11484
-608
13080
10820
-7252
-13172
-8200
7312
16348
6912
-2944
-8432
3580
9400
-16
-9064
-3184
-5008
5368
1772
-3408
-9924
-3556
10916
5160
-1880
-2312
1012
-596
1992
4576
3308
-7656
-3688
268
-2196
-4728
-1016
4008
-2516
-1804
696
7716
1300
2960
5256
-4780
-3996
796
11628
1428
-5468
-9052
-4760
1408
11296
8692
-7300
-9252
-792
8632
-148
64
1884
3284
7344
10308
6284
-16536
-17124
2236
11964
4508
-3448
-7800
-15116
1364
12068
-36
-6532
448
2032
4660
36
-1980
-2968
-2180
6328
4664
6684
-4156
-7440
4104
2556
4708
1964
-6620
-12424
5476
16128
2064
-6292
-4480
-1168
-1472
16156
15156
-12776
-21256
-5512
5588
8260
1728
-2324
-4316
-8000
652
16232
6264
-10972
-12172
-10864
-3828
10400
15360
896
-10628
-9800
8116
8700
-3172
-2432
-1920
3892
7020
8500
-5080
-8200
-8
1528
7220
3276
-1248
-6448
-7472
2532
12256
2388
-7676
-3872
-1692
5748
5384
-688
-7004
-1716
9012
12380
-732
-8896
-6592
-3368
16100
7492
-11340
-12716
-4096
4724
16768
8396
-6644
-10852
-2484
908
1136
3988
2092
708
1360
-1812
3460
-2984
-1280
3296
-3968
-9872
-612
7180
2636
-5340
-5804
-2248
-668
3796
3976
-2064
-4252
1708
2416
1884
-1152
3436
4160
3612
60
-2836
-4540
-1936
1452
2192
-1376
-5324
-228
7080
8224
-3056
-1696
-5280
4264
10616
-600
-9652
-4056
11208
3360
-9280
-9744
1660
-2720
3492
684
-2000
-4788
5476
13384
6108
2880
1904
-6088
-916
6364
13032
-1456
-14592
-3200
8588
4172
-4644
-3756
-4708
-1056
4352
4020
-10220
-2244
3332
-1432
-9988
-1392
7296
3088
-7212
4488
2540
-2608
1080
-1404
-4764
-10480
3324
16092
9232
-5072
-2556
-4844
-2276
5900
19228
5540
-9572
-13096
4244
16120
21412
8664
-15576
-19944
-4
16756
12472
-7316
-15824
-2344
5208
6176
-1384
-6852
-8940
-4248
1724
3708
-1068
-4896
-7356
-10032
5428
10916
1936
-16396
-8136
3484
5284
5712
-3464
-4576
-7264
184
624
824
-8436
-3728
2208
6808
8008
-3536
-9804
2992
15580
5740
-10456
-17412
-3296
15488
13296
-20
-4660
132
9052
10024
-2936
-7832
-3304
4756
1896
-1824
-2688
4984
8648
320
4244
1568
-4676
-1340
4796
7748
-1648
-10700
-932
3372
-3212
-348
1008
1836
-4228
-6540
1888
3928
212
1940
2192
-3736
-8572
-236
5596
852
-2032
-7668
-7588
-1908
6508
7404
-6092
-7684
3484
10560
-9472
-3564
6204
10396
5652
3600
-4672
-11728
-10964
4172
5096
-1160
-4500
-15412
-12296
4756
14284
172
-15184
-8092
9348
9688
6376
-1060
-7628
-3692
3280
8324
1152
-8284
-2012
1352
-56
4820
1608
512
-2336
532
-3024
-4424
644
5900
-5568
-6916
12024
19196
-3044
-18980
-7640
-6192
1748
11200
6428
-3352
-14204
-7444
7136
16192
8024
-9908
-29460
-7572
21052
17028
-9212
-23500
-3244
14524
8644
-1128
-8968
-7012
-1784
12732
7012
1644
-10328
1552
2128
5568
2196
7996
-4876
-6608
6404
11368
596
-5460
-296
-6056
-484
4688
6744
1056
-3592
1308
2032
4156
6044
-4672
-11436
-4264
6972
10404
-4280
-10020
-6112
2992
11904
7896
-6980
-13352
-8952
-4328
2512
4092
-1024
-932
-116
3556
2748
6364
4184
-5836
-6192
-3204
7476
6800
-1948
-152
-2804
-4972
2112
5036
1908
808
-5916
-1008
2280
5356
5480
660
1396
1620
1064
-6172
-5604
5980
2024
-7456
556
704
2012
-8872
8600
16496
-4096
-12568
-3148
8084
4360
-7608
-11332
-1420
9300
12220
-11668
-26884
-10144
21144
23928
2332
-14072
-9840
1024
20308
24776
-1104
-25880
-9344
11536
14664
3772
-6700
-12028
-11064
5360
16204
960
-10116
-9808
1968
3724
652
-2124
-6936
-6432
6420
12100
-5012
-7420
-8420
-2340
2904
4756
4888
-10816
-15172
3212
17136
-3352
4688
11792
-1012
-21988
-10756
16048
17424
-192
-18004
-13976
-7664
21760
29284
6260
-29020
-18080
11424
23032
5612
-14628
-26524
-3784
18812
14800
-8192
-19292
-12232
3236
14304
3972
-6876
-12024
-4604
11104
10180
-4640
-7232
-4984
-3252
2976
9604
2368
-5400
-3400
2488
1640
-676
-3876
-3452
136
2272
4476
1496
-4780
-1372
16052
2672
-9916
-8040
-6728
6564
5112
6540
5436
2024
388
-3392
3228
2556
1912
-2524
244
4116
-148
5488
4240
-1104
-992
4532
4484
1548
2516
5120
2440
-3856
1940
-1260
-5252
-1748
6264
5744
-8104
-9232
376
4892
-980
-212
5308
1128
1404
-2552
612
4740
3512
4284
-12456
-11604
4924
17064
1268
-7604
-5304
-1168
5620
-1920
-224
-4260
6280
18964
-276
-10400
-10320
-2188
6216
5844
-2628
-8184
-14380
-2964
13560
2012
-7512
-6528
716
9524
11148
832
-12188
-180
8672
10448
2668
-2096
1608
-1632
3756
11684
2916
-7564
-8800
1268
9368
5708
-3612
-6652
-1180
-7072
14728
11712
-10548
-14108
5684
4080
-2796
-1964
5840
3324
1152
-2632
-10428
-396
12468
13972
-13480
-27960
-5568
16504
17568
2640
-11296
-8420
2052
15532
6412
-14204
-6432
7124
17084
6260
-3344
-12468
-10036
2256
14212
7988
-6356
-10164
6784
7544
3580
4560
-2116
-7168
-4708
8600
12808
5000
-1996
-1140
1960
3424
996
664
-11036
-9556
1116
7940
-4776
-11416
-6692
7424
16840
3720
-10324
-12020
48
5268
-52
-6588
-3308
3436
2724
-2184
-7396
-3396
9760
5480
-5884
-6892
-1700
1596
-1780
-1064
-700
-7376
-740
436
448
-3876
5876
4740
-8212
-1668
4416
5768
4256
2352
-4388
-9528
2392
4720
1296
-7676
864
3756
-3644
-3960
5352
1596
6300
-2700
7024
4036
-11192
-6128
9688
5408
-6596
-7132
-7656
-5364
5532
4444
536
-4568
2132
10636
10544
5176
6468
-1676
-5656
3580
6080
1592
336
-4464
-9888
1816
8908
-2260
-8800
-8708
-348
1316
3300
3680
-3600
-6944
-10812
-3820
8224
9072
-2964
1036
-6252
-8252
10600
832
-11688
-7888
8324
5560
3604
14264
5320
-8540
-15644
1684
10400
-204
1788
5120
-8404
-18224
1528
25904
15932
-11920
-20532
-8012
6320
13552
3480
-17448
-16604
6344
21928
-156
-16440
-7184
-4540
1848
12436
8120
-13380
-13424
2244
12700
3444
-3820
-11400
-9276
1116
13636
5536
-6124
-12468
-1308
5312
1204
-2696
-8360
-4172
8596
10596
3996
-4564
-14228
5140
17780
8760
-3916
-16820
-5072
18052
13304
-4800
-4460
72
10212
3324
-4856
-7300
3112
24
2952
-3128
940
-436
824
4284
1752
3052
428
3040
1464
660
556
1492
-2832
-6072
-6388
5484
208
-2940
-3528
-4820
-7040
1436
8016
12444
1168
1276
736
-5592
-2760
12120
2516
-6716
-12100
2084
7232
4332
-5664
256
-9020
-4100
5044
10904
-3832
-6776
3192
7176
2476
-564
-5300
-16608
-5228
12332
6388
-12816
-12708
-2504
8936
6648
-388
-8584
-6568
6428
14764
-2980
-1464
2968
-2148
-804
8660
10600
2592
-3004
2884
5756
7036
9128
3320
-10516
-8420
5496
6888
-5188
-5572
7400
13464
-716
-6588
-5744
-7876
-4772
-336
-984
1932
-1740
140
-3668
-2388
8292
10444
-2492
-22804
-13328
668
11564
4536
2436
-20468
-11420
5812
16260
2712
-8532
-4952
3100
5116
10064
1296
-8976
-6352
3708
8788
-2708
-7768
-6816
-1644
10076
10484
-900
-9984
-8984
3196
10080
892
-2968
-3592
-176
5136
9052
-3644
-8740
-8828
216
1628
-3604
-7532
-2896
-3524
-592
9532
4656
-2060
-6676
-9192
-3032
-4688
4416
1604
4492
-1720
-3916
-1536
7112
2836
-6288
-6228
-972
3732
2960
112
-6604
-7896
-2228
2424
-116
2184
-3600
-1860
-1300
-1056
-4560
7616
3700
3220
-444
-11188
-2160
7408
-616
-4740
-7592
600
2652
-1256
3752
7664
-8204
-1948
3480
5972
2504
-4012
-3888
28
-176
5448
-6840
-17560
-6096
5928
9332
-3152
-2260
-1944
2120
14448
13512
636
-11224
-5028
1672
10028
4016
-5352
-14916
-3064
9932
2240
-7788
-10376
-3824
3380
4956
-76
-4508
-12100
-7672
1272
13096
2756
-744
-6176
-6276
-3956
14056
9676
-12652
-12912
-1484
5000
3708
7444
1988
-9300
-8124
8980
8052
1320
3200
-4076
-9380
-7176
7232
19372
2208
-5196
-6916
-6140
4288
10392
4420
-11404
-16088
1248
10204
-856
-9640
-3536
-5168
-796
7808
7304
-8844
-5168
2632
5084
964
2272
-3972
-9828
-5056
7924
9632
2768
-9508
-4564
-1996
1404
3688
-8972
-7680
-3648
9284
12264
928
-10812
-6056
9648
9808
2736
-12284
-13408
-556
17316
11064
1924
-2056
-3788
-696
-2772
-3032
-608
-7208
-68
-5836
1740
6024
2676
4000
-632
-3168
-3212
2964
5924
1412
2324
-1736
520
-2152
3124
11020
4588
-2464
-2220
-4260
-3080
-1260
8092
6148
280
-6744
6060
4540
-5108
-1108
3916
-9408
-11544
1692
7252
11580
-5332
-11220
356
16948
14044
-17140
-23932
3144
30356
17812
-52
-20692
-19276
-4164
22712
14352
-11068
-23664
-12808
1880
15600
9896
-13792
-14712
-964
16956
9952
-4132
-7800
2416
7896
5324
5984
-280
-3360
2796
7704
5564
-5704
-104
-1764
892
-332
12316
-2348
-12832
-3436
3992
7212
-5520
6720
6868
-11704
-16564
1964
8872
3256
-1284
-2556
-13296
-3580
16016
15516
-5820
-17524
-8696
6148
11964
5900
-8740
-13648
1300
18124
8508
-9176
-6096
3820
9204
4092
-1280
2044
1400
-2120
5620
1840
-4236
-1440
1552
-3612
3556
7484
5292
-5728
-6964
-2224
5428
4196
4892
-1576
-6800
-4480
7780
4200
-1676
-6128
-9124
-1128
4160
2884
-1264
-7844
-9356
3476
13284
1084
-3544
-14112
-8236
-548
3996
4512
320
760
-2136
-872
2068
3980
-2500
-6692
-8628
4204
5588
196
-5008
-4448
-5764
-1952
-740
6256
8296
-1660
-7436
-720
8940
1632
-3652
-3928
-628
-1224
536
-20
-5992
-5376
1508
5260
436
-5592
-2052
4596
6648
6484
-336
-7192
-2276
8440
-4472
-13316
-108
16452
4152
-21172
-16828
-4220
13488
23984
7924
-19976
-19916
4304
20972
19508
3696
-17444
-20912
4240
28788
12400
-13440
-21776
-6356
9612
11140
-2696
-6888
-7748
-204
10744
2500
-9072
-9864
-3644
-7464
-5684
6332
10352
-2732
-6076
2228
4528
-1964
-1696
-4308
-3728
-8416
11760
15984
4904
-11720
-5256
-5924
-1608
19896
6860
-11856
-12528
-9032
14972
18700
9432
-13664
-18084
1200
20056
9160
-11528
-21140
-1300
17576
6788
-10568
-12248
-5884
3860
11532
5772
-6292
-9360
-2552
7312
1968
6004
-1248
-12676
-1888
9936
6956
-3676
3052
-4124
-6324
-3860
4732
-288
-3244
-352
2332
8236
3956
-6128
-5020
6872
11852
9400
-5032
-15984
-6272
8616
13532
10704
-4876
-5484
-128
5100
-1984
-3776
-3992
-2700
-3924
-4948
-1672
3456
2580
4308
1064
-8152
-464
7104
784
4620
1316
-1860
-3708
-1608
2052
4748
1120
-3436
-5664
-6284
24
6156
-2364
-2068
7560
6796
-9072
-8200
4880
8176
-1668
-6800
-5508
-5540
1872
9360
2700
-10176
-7144
2772
-7820
-4268
16640
13628
-5188
-7524
9556
2244
-6092
292
-3604
-6344
-1036
1288
-8412
-7988
6036
644
-6320
-44
6252
4548
316
-1272
-92
3196
5268
4420
420
-4124
3944
8964
5616
-5524
716
1088
-3020
2488
6552
-384
-4236
-1604
4404
3360
244
7440
1736
-11072
-11192
-1252
276
-284
5344
3676
-5184
-10236
-1520
17712
12736
7056
-21460
-28804
-7016
20932
17628
-22776
-17464
2400
18572
12232
-4916
-8732
-5364
7428
11352
2552
-8524
-8888
6496
5832
1548
4692
-1108
-3436
1544
1288
6364
3332
1832
-1400
-7788
712
2824
4412
-1028
-3776
-4456
5768
5908
-2764
-12204
-5520
6672
7920
-6352
-4868
-6068
8452
6660
-2004
-4876
-1196
684
-7352
-5380
2840
4444
2288
-536
-880
2060
2632
3460
-2304
-7432
-6912
900
3812
6032
-9476
-5400
-7456
7324
7088
2760
-11920
-9028
3480
7308
-3204
-5696
316
-1760
-2236
-6344
-636
-7364
-932
8820
2580
-6716
-4316
4820
6700
5908
9168
-1564
-6816
-2956
9616
4840
-8192
676
-2752
-4664
-7852
8156
-4212
-688
5336
5064
-4576
360
8188
7072
6484
5628
-2020
-6056
1388
14228
4928
-13100
-11992
4860
6668
-312
-2688
-6344
-7408
-1976
-120
408
-5632
3020
2464
-2796
988
7348
-1488
-6996
-3552
8372
3712
-4144
-3536
-4120
-8660
3888
16208
10152
-2960
-300
-444
-1496
-1460
11296
8180
-6876
-12396
-2664
10144
15468
16988
-6220
-24036
-7600
11788
17196
-3324
-11680
-3452
-4108
-3224
4884
1328
-7640
-4556
-1244
2396
6184
6300
-628
-8256
-1704
964
4012
-6076
-6688
532
3252
5264
1956
-3568
-10244
-2348
5612
4876
-1540
-6164
-6348
-100
5384
12908
-1088
-6644
4528
11376
-2148
-14376
-4836
8360
13364
3992
-10444
-6784
5952
14320
2876
-10284
-8948
-7068
2492
3144
3168
-2836
3636
1876
1724
2352
6296
600
124
6140
2804
-5456
-2508
-2212
908
2480
680
752
-2876
-3944
-3172
-1292
4264
3876
4144
-888
-248
2576
2372
-4028
-680
-352
-3676
1108
5832
11864
-5388
-9984
-3772
5012
-1020
-956
412
6012
6732
9268
6496
952
-6116
-1652
-1176
-4088
-4532
-1480
-13832
-5604
3592
5736
-9000
-6340
5660
8172
2772
-2228
-2064
3480
4560
5256
3132
-336
4732
68
-8484
-9332
7564
14336
4500
-7552
-9528
1556
1612
7140
448
-7868
10232
16956
-2848
-18240
-8580
-1480
-6108
2432
12212
-2728
-15592
-11036
8032
15816
3400
1208
-15960
-16492
-10912
17840
15452
-2244
-12804
-7088
4564
13496
7208
-9408
-7244
1592
13316
3332
-744
-1264
-1184
-2104
3412
5748
-2332
-7096
-812
7100
4604
-1712
416
-1800
-2820
2964
10224
-1668
-256
-2336
268
6412
2616
-476
-6332
-5532
5848
8248
-1516
-9716
-11556
788
11844
5836
-2852
-10724
-4604
2228
4060
-3820
-8020
200
8576
4240
2716
-4756
1384
-28
-2596
-3620
1028
3420
1060
128
-2400
-2560
1276
7972
1140
4252
-1804
164
-4496
176
6024
-384
1200
2740
2488
-7996
-4552
1380
4452
-5172
-2252
4312
-3464
-7916
6256
9332
-3324
-6628
1160
15912
4256
-19256
-12352
-980
13828
7036
-4996
-22788
-8900
15612
19040
-1220
-15740
-11420
2792
22092
20508
-8592
-24856
-6760
18484
15748
-1532
-9756
-10748
-812
13088
7220
-4768
-15140
-4156
4792
-568
1880
768
-5136
-7536
-8140
1912
1124
5496
9576
2076
-10884
456
6372
-12800
-12712
7844
4748
28
4700
11552
2388
-17112
-7896
13752
8112
828
-1368
-11432
-11744
6236
24000
10336
-18080
-15804
-2736
13584
10564
2252
-17012
-14832
5612
18772
4956
-8836
-11112
1952
4076
3544
-76
-2420
-2600
-1924
4244
-628
-2052
72
-6452
4512
5256
6596
-4736
-7544
-6720
2432
5896
5200
-2840
-4136
2756
8384
11756
-3196
-6412
2760
8112
7032
-5284
-11776
-3620
5820
6908
4368
5524
4432
232
-3508
-7396
-3780
760
-364
1504
-2104
-524
3660
2152
-3076
-2944
2976
992
2548
880
-188
1476
1116
996
-4848
-6972
2444
5712
-11128
-6528
484
-1056
-3488
3060
7060
-368
1156
-4396
-288
-3164
-736
2644
-5068
-6180
2216
4284
-80
-6300
400
7288
5684
-5668
-3376
-5420
14180
19984
12624
-14888
-7992
308
4000
2240
-9700
-9108
-14832
-12148
5436
14424
-5352
-16516
-2988
9460
13524
8272
-5536
-7292
-928
11228
5344
3560
-2104
-4492
2768
8708
13124
-1268
-10108
-1392
9528
-1668
5544
2796
-9556
-5976
11064
11892
-5560
-17244
3400
-1476
-3120
2540
5692
-8464
-10568
508
-3292
2500
12888
13428
-14976
-22976
-4112
20768
9732
-6504
-10180
-4012
5284
16432
10616
-8760
-15064
748
10808
6292
212
-6652
-6952
-388
6316
5092
-4408
-3940
892
-236
1216
4048
2960
-5396
-3864
2088
4916
1672
3136
504
-492
1880
4812
7256
-1388
-9976
-7596
716
7716
-824
-6152
-8980
2260
13612
2516
-5364
-3420
1500
-1692
-4016
3436
5268
1508
-7756
2692
3076
4152
-2556
-1400
-7368
-5984
404
4148
4708
-4000
-13576
968
7356
1104
-1888
-5108
-4560
-6204
5592
2592
2668
3488
-3564
-5820
-8472
5140
8332
436
-8188
-3552
5408
7788
1760
1540
396
-1288
-2624
3356
2020
-7684
-932
2896
7308
-860
-2032
-7932
-9856
3776
13108
924
-10980
-4616
884
13244
15852
10100
-10508
-13328
-7632
9252
14376
1304
-9328
-13752
-5564
11012
11976
-6040
-14020
-2900
-652
860
1668
-5868
-6188
-6960
320
11996
5396
-2640
-1736
-3012
-4448
11304
4064
-18976
-9256
11772
8120
-7972
568
4584
1720
-216
-5764
6348
-3988
4940
4592
-10864
-11876
5020
24732
9424
-11856
-13792
-4700
13548
12304
-580
-15156
-19140
5204
19092
2016
-9420
-8308
-3212
-5344
8032
10492
-3460
-13332
5204
7692
-2788
-4924
-2124
-4304
-352
4896
1416
-2032
4
4492
-4492
-924
-104
-6148
-3980
-1116
6704
8232
668
-776
3588
10324
3456
-6828
-14252
-4424
2400
9300
7548
-2304
-1612
-2992
3988
324
-228
2004
-3720
-3456
-432
4712
9672
-3032
-3864
-6812
4032
3312
5120
1060
-3004
768
5500
3392
-5340
2752
668
-656
-4224
-4300
248
-3292
-4340
7568
6184
-5696
-2920
9160
4140
-3420
-2732
1764
-4292
-8652
2872
2084
1668
-3968
-5664
-4208
2852
4948
1208
-5416
-1092
7796
2860
1700
1504
-6676
-11712
-7596
3828
4756
-4740
-8888
-5000
2332
2568
576
-3640
836
6152
7944
-1840
-6892
1040
400
-268
5296
8352
-4668
-6948
3456
13168
7296
1592
7368
-7556
-13044
2236
9696
-1828
-10904
11320
10104
-7360
-932
560
-5288
-11672
5552
7688
84
-7428
-2488
-8896
-3296
12140
14300
-1424
-22016
-10480
5092
15992
8600
-11624
-14492
-1428
14488
13492
-6168
-19404
-2220
14104
13612
1504
-2684
-8980
-5708
9364
9184
1636
-2480
-1328
2632
4884
7216
-1284
-7992
-3072
6324
8820
-2128
-4368
4328
1576
10564
8072
-4660
-13112
-8016
2172
10836
276
-5368
-7708
-1812
7008
9140
-784
-920
-8792
-3180
-3264
-3192
492
-280
4016
2108
3352
-2972
256
2364
1484
-184
-4488
5320
848
-1720
-6088
360
492
3364
-2496
1652
2968
-5432
808
1928
848
-1232
636
8108
-1760
-9764
-6336
2072
4
-9112
1424
2852
368
1220
3880
4252
-260
1920
-3176
1184
-548
9312
372
-10764
-396
8116
-340
-8636
4900
5616
-8324
-1892
1784
9132
13456
11312
-3688
-5892
-572
36
5112
5696
4324
-7296
-14596
-4796
6892
8844
-516
-8064
-8416
-3636
2296
6296
-212
-10800
-16164
-6776
6984
14988
11252
-8940
-13648
-1308
14084
7888
-14524
-12012
-1784
5528
9012
9192
7488
-4504
-8680
11416
12912
-1212
2752
-4256
-5564
-6416
4276
12508
8224
-3544
-60
-6408
2468
13556
-136
-13680
-10804
6600
7428
-3204
-9736
-2848
-2164
88
3932
2884
-8692
1260
3580
-3580
2828
1984
4628
-7064
368
7048
3304
-5012
-3456
-1272
2756
832
-1096
-5572
-5660
1328
1740
5084
5412
-7136
-216
9736
10820
-380
-11360
-8380
1940
7848
7268
1412
-3816
3460
2212
-2064
-6284
-2304
-1004
-2052
-3572
-920
-1036
3004
4332
3664
-1744
-3096
6808
5616
-6088
1028
5652
2836
3136
-1364
960
-4020
2072
7492
-800
-1016
-5572
-208
3692
6852
4792
-3816
-8140
2860
6836
-356
-14484
-5604
6520
-1280
68
-8428
2760
5184
5096
3000
-6064
-11624
10892
17992
10092
-5376
-6400
-7620
-3372
4816
2996
-7340
-7336
-5340
-2380
6304
9124
-8556
-19000
-2848
15784
11228
-900
-7800
-6848
7380
7940
2340
3780
1280
-4416
-1852
4708
1144
1880
-4292
-16984
-3700
11612
6240
-14480
-11944
3324
9088
6364
10540
-6220
-7592
-6700
2148
-380
-3068
7424
7760
-9544
-16240
6324
23676
9748
-11440
-20080
-10468
11652
20780
-692
-17608
-11100
14672
21088
60
-16388
-8716
8712
14876
10080
-4680
-9284
-424
8716
2240
-964
948
-4820
-932
3872
9016
6828
-2976
-4476
2124
516
2416
-648
-5072
4612
3908
11908
-244
-8568
-7880
-1580
6344
1928
-12092
-8240
120
8380
11024
6452
-4140
-4952
-4964
-8292
-4684
644
2700
1012
852
620
2588
1904
3876
-2888
-8824
-10144
4700
8412
5096
-3972
-1144
520
8
-1832
-1388
-3252
1140
1412
-2128
-5092
-1524
6348
6660
-1712
-4776
468
-5592
-3716
-1260
3340
-2556
-4232
976
11616
5860
144
-2360
-1544
-2436
9416
6308
-15656
-17824
6996
17644
6448
-19180
-20976
-5740
12200
19864
1692
-15960
-3116
10360
9548
5756
84
-10320
-6892
7128
16820
-1988
-13372
-8056
-1380
6260
3632
180
-6920
-8856
-2032
10836
8256
-8552
-6484
-5184
-3328
8240
8944
-2564
-15124
-5648
8056
3672
368
144
-10440
-12140
3540
13480
6964
-7940
-5540
-7692
-1392
5908
12972
1828
-16272
-16984
7316
8168
12136
12220
-10152
-13308
5064
11600
7388
-5920
-6108
1520
1976
2720
1628
-9864
-8264
-620
8068
4208
368
-5924
-3616
-6548
1752
11600
1052
-12772
-10300
816
6508
5884
-188
-832
-5620
1380
3108
-1972
-6084
1460
1796
6656
3928
-780
-7148
3468
9092
-2364
-6880
-2956
1680
6716
4848
3296
4400
4744
-1608
-11564
-6048
6444
4108
532
-9660
-4736
5108
8020
10872
-2236
-5036
-788
2596
4540
5540
12436
-2396
-4784
-844
2912
4036
-6156
-1608
5540
-748
-1448
-7228
-4364
352
7640
6968
-1720
-4672
-1796
7644
1768
-2288
-9464
-10608
-3800
6828
6596
-3320
-2988
8772
9000
-7760
-14052
2788
17244
18464
6696
-5700
-19340
-9156
16116
8648
-8048
-15460
-15580
-10500
7704
7796
188
-11936
896
8572
8860
7604
1148
-2940
-2708
4608
9044
768
-2220
-1892
2868
3592
7212
8644
-1416
-7028
-5416
1124
4940
-4772
-368
732
-4360
14280
9324
-13684
-15952
-5116
4996
3856
2804
7216
2100
-10328
-3168
2528
9448
4776
-4112
-17448
-14844
1360
11884
5340
-16052
-7688
6760
15328
6324
-2940
-11568
2388
10764
8868
-4632
-6392
-4308
3456
4704
6544
-1436
-8052
-1496
7656
4220
1352
-2024
-1088
176
2316
5176
2752
-5316
-728
6012
7380
3208
-5492
-7632
-6872
-3404
6496
2916
-4812
-8948
-2660
12580
10956
1784
-5404
-2124
1072
-4968
-2040
-736
-3232
5612
-492
244
5612
7284
2112
400
-10880
-3336
6496
4204
-1496
-3984
-5840
-4904
2592
8976
4416
-5476
-5672
-3280
-3720
1776
4856
5872
2460
-3948
-5404
-3872
-5328
3804
3072
-4576
-6304
1588
728
520
6452
3016
-7032
-6356
6484
5092
-8884
-4008
5968
-2568
-3860
-3068
628
-3512
-376
328
-752
-6832
5152
17080
436
-4048
7280
6128
-340
6972
3796
-9788
-6892
-128
3292
-3140
-2184
-3532
-5392
-1468
-588
436
-1764
5624
656
-12548
-15292
880
21000
3632
-9888
-8956
-696
1776
6488
3856
-11144
-8308
8424
10088
6684
2172
-5412
-9724
-2372
10924
14192
-7076
-17524
-5124
3296
6704
15988
12104
-7432
-18280
-3780
16568
13628
-1296
-10576
-15708
-2040
11968
12572
-6688
-12684
-4984
1560
7880
5460
1032
-10592
-9360
10332
7948
-2364
-12788
-5248
4208
5060
5160
1244
-7352
-6380
3280
3464
-216
-5172
-3876
-3488
5700
7364
-2692
-9836
604
10668
8656
-6208
-13304
-12408
4804
10484
852
-4512
-4644
4408
4976
-5272
-8156
428
2644
-1660
-2492
-5956
4836
6436
7476
1396
-184
88
464
4776
5944
704
-7372
-3060
-3332
-1256
1848
2700
6836
-9024
-3336
-236
1912
592
7704
3548
-8908
-3316
14436
11772
12
-8860
1464
-7752
-12316
4440
11784
1264
-1932
-2988
4612
-2800
3752
3412
-3564
5688
11384
6740
-5972
-5912
-4780
-6608
-1044
1724
724
-9312
-5796
4000
6900
-712
2172
-196
100
-784
4376
2148
-3756
-2372
-2412
1684
4524
4308
-7060
960
3212
8268
-1812
-7916
1512
4064
2924
2292
1620
-11048
-6392
18772
17724
-9728
-14972
-4560
200
1004
-96
6720
2340
-12560
-3292
9128
11212
5580
-2480
-25192
-23236
8184
20596
5708
-13720
-16504
3440
11868
14928
-252
-16624
-5144
13180
16464
5292
1372
-4880
-4176
3316
12024
6024
-2568
-4220
-980
9296
6460
4256
-7512
-9384
-3148
8548
3944
-3568
-5032
4184
3832
7056
2444
-3608
-10984
-2532
4768
372
-4960
-11600
-4240
2640
10764
5740
-6668
-8036
-5484
-3748
-1884
3432
2640
5156
4228
-3620
-1860
3712
2080
-6340
-14952
-6596
6076
4076
2992
-2660
-6560
-660
3784
4420
120
-2180
1928
-236
-7820
2212
6204
1016
-1604
40
-1064
-11884
-2712
3516
3348
-7140
-4428
-1184
4024
2280
2948
980
2604
3812
2860
-1012
-7404
44
2280
-3660
2724
6028
-10840
-15604
5480
13224
5228
-376
980
-592
4580
8852
7256
-7096
-11036
-1076
1444
6644
-6196
-7472
-3536
-3148
2252
-4088
-10280
-1596
-928
-2636
-1900
3024
2028
-2216
-6804
5092
2284
-6380
-2116
-1784
-4500
7736
13720
2788
-19472
-11296
11468
8648
-1756
-808
20
-2248
-3772
316
9636
-764
2352
-1632
-12944
-4752
17064
20608
-2732
-16304
-1168
10860
8300
1200
-6204
-15896
584
16540
7480
-8760
-11884
-296
940
5228
5208
-3684
-7072
-992
9052
5820
-4080
-4188
-3664
-4652
-888
5928
8424
548
-3376
-2592
2308
-480
-400
-4572
-5184
3460
8308
5616
-4648
-2792
6688
11764
-3464
-10108
-9276
188
6292
10856
6076
1500
196
3356
-1468
-56
-2180
-1844
-1480
1768
2616
2436
6892
3400
2312
-6492
-4076
5228
7164
4496
-2616
-4924
1196
3376
-2232
900
2528
-2656
-3832
-424
392
-1740
-792
12560
4336
-4488
-4712
664
3564
-2168
6808
-788
-11512
-7148
6744
7088
-14264
-2656
10056
1328
-2120
-6768
-9884
200
24092
19528
-5244
-23456
-7004
7048
9820
2568
-7468
-16204
-11344
5052
13744
1028
-5808
-8984
724
8436
10536
1484
-10080
-1816
2356
5064
4260
6744
708
-5676
2244
4728
736
6740
4316
-3688
-11328
-8576
11348
3964
-10720
-6496
8600
7392
-5544
-5488
-12172
-8780
2332
13668
7252
-10456
-7760
272
3436
104
13340
3540
-14508
-22304
476
15740
7000
-1456
-8552
-6844
300
15000
8344
-12536
-6232
7208
5604
3516
3884
1608
-4072
-1840
6484
3608
-1312
-6080
5304
5680
3952
4968
-636
-7548
-3188
5584
768
1712
-1244
-608
2372
4000
532
-9176
-8928
-4512
12008
8464
-5716
-9420
-10448
3696
12500
6664
-4768
-11160
-1672
-616
-1508
-1776
2344
4292
4068
-5596
-1208
4496
524
3120
-3952
-3300
-3192
1324
8304
4620
-10856
-9640
1876
7284
4496
-1632
-3800
-4312
-1868
5628
4644
1940
-564
3176
-4076
-1220
7088
3948
-6548
-1152
5852
1832
-8576
-1052
8756
9512
-2708
-24
-68
-224
-6772
2728
-812
-3576
6072
4300
-13604
-14464
7092
7992
5844
-3164
-976
-6424
7456
10064
12568
2056
-11868
-6352
7048
14280
4388
-13088
-15296
-3388
11056
8536
-7192
-8424
788
332
-3660
2020
-1780
-1640
-1180
5688
-1988
-7448
2308
-304
-3480
-1696
12492
1132
-11556
2704
-2444
-10872
4736
15052
7624
-5372
-12712
2732
4984
1956
4916
124
-6572
-9112
1168
17612
17788
-3660
-17592
-9600
9724
27844
-7116
-19704
-9796
5384
9356
-520
-9212
-8080
-6200
6276
11000
588
-17304
-3264
1656
2924
128
-2156
-5748
-6088
6288
9728
5108
1244
-7016
-8404
3140
7564
7332
-4572
-4808
480
7980
4168
-532
-8696
2472
12628
2680
-10748
-14208
-2992
9072
14252
6384
-9580
-6924
2708
8100
-4808
-8408
-3852
3996
-2776
3508
3460
5076
1500
-1584
2052
1324
3300
5588
4772
-1380
1832
528
-5948
-1296
9424
2732
-9032
-5468
-1028
-2356
-3508
152
3932
512
4976
2540
2224
-3724
1296
5748
-132
-9580
-8992
3212
3500
1592
-5288
-4756
-984
8832
3772
-10280
-12016
10764
24396
6860
-8752
-11720
-4524
6092
12484
-4064
-17208
-13920
160
10728
14936
-3484
-14496
-8964
11188
16308
5640
-9912
-9456
6400
13148
10560
3524
-2348
-4560
3612
4752
4
-64
-3172
-912
-2244
6664
14740
-7856
-15400
-232
11660
1468
-1844
7128
-9432
-11736
756
7520
4488
-3688
-8460
-7216
-2596
4344
10160
-864
-16552
-13848
-388
4840
11556
5204
-15080
-15144
-2168
17808
10784
-10840
-10728
3636
7072
3876
-4236
-3240
-2356
2736
2456
-204
-3548
-664
-2844
368
7268
5572
-3772
-6772
-1000
3516
-720
2308
-452
-2360
-3224
4208
1340
6096
-7416
-10444
-2944
8280
5428
-5660
-13884
-2268
15052
14944
5228
-1288
-8728
-3040
1500
452
-2280
3936
260
-8
-3560
-2296
4992
5624
-7060
-8724
-2528
3460
6552
-5768
-6520
-4020
776
1952
3212
4272
1220
-5456
-3380
5608
6876
12
-4368
-4064
-168
712
-284
-7436
-136
3716
3748
-3692
-6648
2064
6940
4220
1812
-188
-1736
-5380
9220
9612
-1792
-10408
-3636
2336
1360
-2724
-2076
-7484
-6060
5484
9636
4244
3900
-316
856
5368
1880
-10484
-10304
9352
15820
-1232
-10672
-5400
4400
4644
-752
1380
-572
-4448
-928
9380
-6248
-5560
-1892
-1688
648
-468
1040
-3100
-10264
1584
13644
-132
-672
7008
-5240
-6592
4316
8572
3292
-5080
1568
-7484
140
13020
13352
-11228
-21528
-4560
19764
23336
1220
-10112
-15992
-1032
17036
15792
-10888
-18380
-8720
17816
11476
-232
-9016
-11792
-1948
10060
10460
-5244
-7212
4228
2404
-3692
-2756
1440
-3464
-2152
4232
3756
2148
2272
-1564
-2512
1836
-1604
-1144
-1264
-5516
-6644
148
6804
8592
864
-3548
6856
5764
844
-9216
-8576
-4832
8136
13460
1792
-1108
-600
256
-1420
3920
-8504
-7600
-9340
5624
3488
-324
616
1924
-3168
-4096
8708
7620
3448
-2704
132
2420
-2048
1448
4224
5468
-1564
-6928
768
1204
4672
4760
1196
-516
5948
1672
-7560
-5472
4544
4868
-2476
-6484
2652
-6144
-2932
-1140
3076
5268
-1384
-5496
-7072
-4316
3064
12400
9332
412
-6472
-408
-3828
1512
7000
-10972
-11028
-4096
2032
4488
8460
1944
-9356
-10964
9676
7920
-3448
-6200
-5684
1208
6404
7152
7208
-1444
-6660
248
8268
748
-2536
2320
-3108
-7528
8128
11388
-4924
-9652
4836
8464
3860
900
-1920
-7000
-3852
1320
2476
-6752
1236
6056
3192
-5848
-10720
-1124
11520
9296
-6888
-22676
-13432
4728
15916
4744
-12184
-7224
9068
11060
1456
-1884
-7528
-6564
8284
13700
600
-5700
-4500
-916
1044
4484
1488
-6460
-7212
7164
6332
208
-6268
-5680
-24
1076
7644
716
-3128
-3416
6080
8384
460
-3252
-6300
-2556
-116
4008
-9788
-6264
-15164
1604
11916
9248
-4508
-8824
-6640
-2352
6188
6872
2364
-772
1440
1892
4152
-444
-1300
-828
-4420
-1040
6772
2680
-1240
-4664
-4116
-3724
-4984
4604
3892
2916
-3744
-328
2876
2972
-4800
2344
4880
-6472
-4136
1940
6040
-1104
-1608
2236
-2380
-324
4160
5420
3780
692
-7652
1124
3836
8900
-4932
-7076
-2044
9736
28
-6620
-10248
-7988
2080
3408
6852
-1600
-5200
5640
9116
1696
5300
832
-9256
-4420
9144
952
-4604
-9636
-10180
4300
8704
5416
-7312
-14612
-696
2324
2600
-3096
-2900
-4404
-4192
2264
8952
2364
-8460
-7432
2608
6040
7544
-4488
-11960
-13344
3332
16544
13936
-3880
-4408
-9444
5776
3876
5496
6364
-5092
-7544
-5080
-4420
7232
17220
7448
-21592
-16640
7108
22608
4756
-12476
-14680
-7324
5392
12612
-648
-9788
-7320
3268
6044
6684
1060
-7612
-9516
2584
13620
5144
-9572
-1800
6112
1700
2664
-476
-240
-8736
-7336
4544
1876
-4044
-1956
-1192
3520
4440
5980
-2396
-6188
7248
11796
3572
-12080
-11084
2408
12080
5364
-1176
-324
6956
10984
224
-12120
-5868
2624
6580
2800
-5152
1196
2712
7448
-6728
-4864
1564
840
3300
4448
-1124
-2724
-628
3028
1076
552
-2268
-6296
-4056
-6216
-1552
2488
-280
632
-52
-968
-3152
5888
3676
-1260
-7884
-3212
-696
-4820
-56
3592
-3412
-10564
3712
17600
7040
-10844
-14476
-6804
16576
25164
13124
-18320
-23828
-6816
17852
8504
648
-14600
-26300
-7812
15976
22688
-1324
-21360
-16152
5036
17128
9280
-5528
-11692
-4216
13124
13744
2104
-4944
-6944
-6668
372
13476
7624
-9608
-12532
10468
11580
3532
-2404
-5412
-8024
680
15496
8800
-12396
-13228
-492
-1600
3608
6560
1404
-8052
-7108
-1588
3492
9412
3924
-9364
-19820
-7336
20696
18928
-3796
-13572
-9624
5576
11320
4792
-1120
-6332
-340
13820
6900
328
-900
3504
-7064
-1352
8796
6376
-6808
-7436
2448
8972
356
-6584
-2096
20
1124
5836
1052
-2824
-312
5532
4288
2684
3688
-4968
-13252
-1988
7964
1152
-2924
-5468
-8444
-596
3560
-1808
-1688
3976
-1692
-8804
-4904
-1932
4752
9164
2128
-6648
-7052
6080
6564
-6104
-11156
-92
6096
240
-4024
-7588
-2852
-392
2424
2876
-180
-2696
-3988
2368
3380
3588
3548
-3400
1956
6036
-2212
-10596
984
4828
1388
-5264
-1708
2704
2160
-96
6132
-736
-3864
808
7740
-1632
12
1804
-1520
-4844
-5040
388
-8572
-5764
3684
-2184
-5892
592
8284
12332
-476
4704
3128
-7604
-5772
10204
4428
-5956
-11944
-7696
6244
8028
4568
-2120
-11192
-3496
-640
-236
-3768
-3908
-5480
-10080
-1452
9832
280
-8468
-6972
1312
-388
5996
744
-3408
-9404
-5492
12328
9232
-5432
-5008
2980
-1672
-3916
3636
4184
4976
-4672
-6120
-3816
8424
18328
7400
-15796
-15916
3660
18200
13784
-8464
-14240
-8828
8724
14312
792
-16372
-9216
3924
4168
4340
1912
-2336
-5112
-1968
6448
3380
-3484
632
-7268
-2128
4396
4572
-2088
-9056
-4036
3192
2464
-644
-7780
-3464
3492
3280
3108
-7440
-4236
11008
11252
6412
-7584
-12848
-6952
2804
10732
2068
-6036
-5400
7616
5212
2308
-636
-1732
-5288
-5756
792
2416
2400
4836
536
-864
4916
-836
6620
8748
272
-10356
356
4428
-448
-1104
1776
3652
-3932
-7320
-1636
656
-1896
4016
7940
3896
-5608
1928
9312
3668
-1328
1888
-1084
-13520
-10512
8104
7952
472
-1504
-676
-2092
7420
5148
-3976
-8324
9036
15144
-680
-6128
-3468
2708
-9340
-9320
-5740
-2052
-6088
-176
4228
-8700
-4840
3256
6868
7384
764
-3280
-8712
4212
12220
7756
936
-3024
-2664
-1772
5060
10476
-2716
-6556
-5056
3100
6472
7192
5624
-3844
-9816
-3280
19912
8376
-5844
-5480
1836
192
-1088
5028
-3844
-10684
-2516
9392
252
-4300
5980
5656
-15932
-16024
1416
10152
8744
-4404
-8956
-2844
12736
14272
-528
-15220
-6972
6948
12524
3972
-1812
-5340
-4512
1832
9196
6972
-6164
-2116
-2000
-1368
5112
2516
-268
-7624
-2368
7212
6016
-2180
-4976
-2816
6764
5356
4276
-7968
-8064
-4000
7440
7388
-7052
-9160
-11324
7200
17068
2804
2684
-10580
-7196
-8228
2672
7320
6376
-3332
-1004
-500
52
512
1276
-632
-3740
-516
752
3152
6324
-5916
-9668
-3808
5012
8968
-3544
-5460
-2296
-676
2808
1736
-2792
2732
5200
3012
-1808
-6096
-1440
1064
-7148
4212
5236
-660
-6636
-1968
11760
3164
-13268
-8388
4888
13492
10576
-908
-16188
-9832
6652
14552
-12816
-15120
1688
12428
9752
4208
-6188
-6696
4256
13364
9248
-8148
-13772
2356
13464
10340
-2060
-9444
-11920
4800
12684
4412
-3952
-4272
1152
1128
3704
-772
-3476
-7980
-7032
3600
9764
2088
-10176
-4576
-3948
-1148
10100
-584
-18448
-5872
10360
8396
2224
7276
-332
-8008
1784
14288
5608
-6996
1160
-256
-5256
-5244
8744
11452
576
-10400
-2220
-912
6380
11132
-2900
-17800
-11172
15692
4416
-13596
-8380
-2300
-2744
-5816
2764
4672
-4052
-2764
2764
-5496
-8648
-912
-904
-2892
-4156
6724
1700
-2220
-3572
-2636
976
3412
-484
-8240
-9540
1724
7124
8236
2132
-9116
6760
17052
-1840
-9376
-10408
-1564
6352
10884
1788
248
6620
5404
-92
-8512
-7992
-2764
768
844
-220
-1856
3296
5908
-1372
-112
-564
7784
1584
660
404
4092
4564
-2668
-1928
556
2472
-3036
-1724
1332
-756
-292
-324
6504
4476
236
1944
1992
-1268
1208
4468
2824
-13392
-5224
6436
-712
-7196
-1244
7204
5072
1148
-15968
-12072
-2212
20012
19968
-1144
-10892
-3568
4672
696
-3184
-5036
-11264
-5660
3540
3236
932
-7992
-12480
1852
14888
15700
-5444
-11104
-1872
10116
7000
4500
176
420
-4584
5716
11440
2020
-6568
324
712
-2960
768
6280
40
-12792
6380
1604
-8440
-2984
3416
-4732
-9980
-148
9680
4616
-9124
-3068
-10816
-8980
13232
19208
1900
-27108
-15640
5456
15800
4616
-7320
-11584
-4944
7528
14708
6224
-10660
-5508
5684
10380
1768
592
-2624
-3080
3844
6188
-1396
-1404
3888
3140
-6280
3768
8920
-16
-1936
-5256
6112
2080
-516
2264
3700
892
-344
5800
2152
-5104
-10204
-752
6548
5852
-9292
-12540
-612
8932
9888
-5064
-12124
-9304
-2932
1220
-1124
-3048
-1068
3496
132
5972
-1248
2004
1576
-4964
-5424
-2928
648
-1016
1028
-9352
-4316
2620
1340
-588
476
4556
-856
-2468
2140
1796
6572
684
316
700
-3496
1560
-2640
-2476
-2904
8372
4324
-5552
-248
9096
5140
-4140
-2048
3160
1208
-1684
1532
-3176
-16384
-2200
14200
-772
-17528
-11320
32
6476
14816
5424
-7376
-9292
6644
11816
6036
-4704
-5520
-2584
10040
10636
-5180
-13408
-10784
6264
7536
-5016
-5428
-4912
-7592
56
9688
-3664
-13756
-8252
3904
4724
3556
3992
-4280
-5392
2044
10532
-4368
-17544
-3528
2748
-2116
4188
13224
-384
-928
-2968
1776
1416
3916
9548
-1656
-7520
-9556
9640
14596
6268
-9236
-11392
292
9064
14968
-656
-17440
-9540
9328
14136
2512
-9036
-12012
-5136
5408
8636
3580
-6912
-4328
2600
-1524
456
-2440
-4696
-7180
-1808
6788
2424
-2900
2872
-884
-1196
3984
1740
-6172
-7436
1448
7004
8944
780
-5424
-5572
10980
13192
480
-9608
-12568
-1620
13512
4868
-3164
-1532
4324
1704
800
-2288
-4504
-240
-2984
2644
3256
4232
1376
1808
5148
-1636
-736
2056
-2284
2724
-1420
2792
-1116
2376
2568
2500
2236
-2460
-68
-3280
-3008
-964
2504
-352
-2928
7932
2032
-4628
-148
2456
4768
-3760
-4176
2460
2428
2908
-236
172
6916
8300
7896
-12308
-16024
4336
22252
15064
-716
-4484
-11368
-4356
11184
10884
-15264
-13512
-8472
-3596
10184
6868
-16936
-11540
6356
13264
5516
-9488
-7480
2260
7564
7740
5676
-5460
-6640
1732
10300
6352
48
-10516
-6544
-4244
9560
20132
1748
-13092
1344
6160
-1004
324
11248
3188
-15312
-13184
256
3632
-1680
3196
-3912
-15876
-1892
21380
9964
-5656
-18820
-13696
-668
17984
14636
-10892
-25928
-6260
18608
18328
-3868
-14104
-6512
7024
9880
5980
-5840
-8104
-2236
7500
6600
4388
292
1084
-4608
396
5132
-1152
-7044
-2088
3588
-3316
3760
-656
-2136
-2744
2848
1904
2072
-3960
-9088
-8488
7612
14916
8492
-10268
-11512
-1008
10476
12628
524
-13840
-10828
2400
3208
1772
-560
-4608
3984
3508
4220
-1176
-4612
852
-3660
3028
4240
3332
-6616
-6388
4676
2976
-716
-6648
3804
8276
968
1044
572
992
2112
1504
3532
480
628
6468
508
-6872
-8388
-1636
10060
5988
-4968
3580
5224
4628
664
-9744
-8096
9808
8416
-2104
-3872
-1176
408
-9256
-1920
6168
556
-4024
-4912
7564
2888
7612
7240
-1768
644
6800
960
-6628
4612
10636
-832
-12680
-7332
2216
2472
828
-6364
-9976
-5420
5888
4460
820
-12632
-2880
212
2968
4624
11932
-8432
-17524
400
9220
8284
576
-4172
-1252
-3440
-872
9972
1372
-2548
-2036
3836
680
7452
6616
-56
-16700
-5516
2776
7452
11320
9004
-11264
-18940
-2516
24216
15896
-9068
-23340
-8928
6920
7028
2956
-6580
-12852
-8176
3232
4224
2756
-2980
-5524
-4012
624
9288
-1920
-11652
-3420
6684
4196
616
1168
-6800
-108
7072
6240
-5772
-4768
996
6460
11000
-864
-11732
-3068
12144
14020
-2800
-11320
-11080
2352
7544
7632
2876
-4908
3416
7980
2956
-3696
-11028
-1864
-1372
656
-2300
-4248
256
6652
2168
-5444
3480
7592
-1656
-5344
508
1096
1720
400
1468
-112
2616
2160
1616
-6720
-2192
804
428
-5692
5936
7548
-4508
-5880
1452
9424
-7712
-6832
-2248
11484
-3868
-14760
6552
5996
-5248
5264
-5592
-9320
7460
16272
2488
-8884
7876
12980
-2676
-7616
-4708
-5524
676
5784
-1984
-14232
-6168
10212
4196
-1644
136
-336
-6244
1352
2448
4272
-364
1028
3172
16
-832
1020
2428
2188
2500
7544
-3960
-4836
684
7496
-3168
-4356
-1652
2380
-6572
8700
12752
-2440
-13796
-7640
4100
-1000
-272
6180
6552
-8596
-10604
1124
8736
10296
1684
-16648
-17288
10968
19364
6936
-18704
-11608
5432
11404
10112
228
-11384
-9948
4840
15560
9912
-9264
-10380
-2304
868
10160
2844
-5016
-6176
656
7684
6368
-5168
712
-4224
2204
392
120
-328
1548
7020
6416
-84
8
-5164
-5012
2552
3888
-236
-10024
-12420
1684
13888
12344
-948
-4016
-6188
380
-5356
-3100
1348
8912
8068
-3228
-3864
-3400
4272
7096
112
-10880
-3200
5712
5476
-2836
-6876
-4552
-3408
8412
6768
-5088
-9976
-560
6952
7820
-2972
-844
3772
2484
7896
3720
-4680
-14168
-3876
6676
2296
1376
4556
4012
-3660
-1636
7348
-544
-4952
-3804
9436
-2304
-4308
3232
-2324
-5156
-5420
4308
180
-4700
2580
7872
3640
1168
2596
3832
3056
7832
464
-6456
3904
7724
-560
-11824
-3556
4084
5896
-1696
-4636
-4200
680
5416
4292
-1656
-4260
-156
-5264
-5384
5568
3192
-2288
-3784
-4168
1832
-520
2232
6860
-11776
-12148
10624
13084
6920
56
-1644
-2288
-5652
2328
20032
2408
-7716
-13944
-8324
7904
16656
11204
-10524
-20636
-1636
15344
4336
-9788
-12436
-11424
5472
15784
6988
-11216
-16912
-856
5484
3996
2956
-1464
-7812
-12164
-280
9340
1156
-10116
-244
1376
700
-820
2884
-4848
-6580
-5740
4840
5188
-2672
-9772
-1392
2552
9376
4204
-5712
-2488
13928
3708
-1384
-6568
-3384
-1064
12476
2768
-528
368
3376
2504
-2084
-7416
-7464
-2048
2248
2056
-5348
-4424
4140
5324
-1960
1152
-1332
236
-244
2392
-644
-1504
3800
4716
1208
2960
-1260
-1756
-4536
-404
-152
2604
3488
5080
688
-2456
-440
1980
-780
-5028
616
1488
-3448
-7964
1800
9256
-768
-11400
-964
16804
10276
-9100
-22644
-40
26612
24700
2324
-22008
-16936
-1708
7476
7104
1256
-16616
-23984
-4656
22736
13240
-9904
-16516
-152
10628
16484
6296
-13752
-10036
2196
11724
10332
-1120
-6564
-7164
-3068
10740
19204
-2156
-11852
5584
11392
4252
-6376
-4996
-4652
-2380
16896
10432
-14240
-17008
-1860
1436
-3844
7032
5976
-5876
-10776
-3340
6852
4052
3680
6108
-10544
-18592
-3252
15632
13132
-9444
-17668
-8248
9412
20240
6184
-14592
-8296
9808
15628
4020
-5772
-520
-2676
228
1300
6072
2924
-7128
5136
6628
3292
608
-1956
832
-5204
5268
-900
-836
1336
5372
2348
5872
1032
-1152
-9500
-1604
2936
10772
-3272
-11136
-13260
1236
13732
10080
-3780
-12296
-7320
1492
5212
2652
-432
-3076
3056
5324
8784
3416
-3088
-1780
-3704
-3820
5260
2060
-3560
-9516
-6812
-1940
5720
-1224
-4296
-5396
2672
-2480
-2504
1024
2632
408
1580
-4612
4456
-4792
-2736
4220
-3156
-11360
-3636
11384
4500
-3316
-3168
1508
1916
-852
3728
3576
-7340
-3764
516
7664
-2084
2188
-8612
-21164
-3344
15900
5956
-3660
-7072
4468
5848
8960
13336
-1300
-15436
5692
12872
7528
8828
-9576
-12240
-7844
7568
11980
1140
-14252
-9996
-792
3752
5776
2672
-8384
-11100
5504
13084
5368
-5192
-8312
-3780
3520
10428
1084
-18100
-11432
10916
8908
2232
4732
4632
-7260
-7464
1448
10376
7748
3804
-6964
-17264
-8416
14404
27612
12716
-20456
-24348
-5880
13444
24124
10232
-19276
-26072
4452
21404
7148
-13280
-9800
-6052
3188
11292
7884
-11336
-12432
-2752
8580
-2984
-1380
-1104
-5368
-3536
3004
12756
540
-11212
-3344
4124
8508
-1016
-5472
-5008
2924
5276
8124
1612
-2604
1068
5396
-1116
-5252
-4044
4464
8312
7300
-1540
-6188
1724
4920
-656
-5572
-5496
-5944
3028
1284
-412
2252
8980
4996
-1072
-3428
2420
396
2572
3888
2572
-3504
-968
-2036
732
3544
-836
2508
-3872
-1336
1488
1432
576
-1360
6432
2460
1328
2732
3244
1980
2204
100
-4308
-6920
1072
8412
-2992
-900
6084
-3760
-5372
2364
5140
3556
-844
5644
7452
2704
-1252
-10128
-5204
-4548
4040
924
-11048
-12776
4220
4872
980
-7852
300
3528
4124
7244
-1160
-9488
-1608
4328
-3456
5492
9012
576
-7400
2156
3224
3300
-2248
-3472
-1896
3312
1864
-136
2068
-7372
-1280
15248
-3368
-5932
-3712
-4940
-2428
8680
4452
-8340
-6624
7892
-940
-3784
3400
9424
-8924
-20600
-8556
19244
10440
-5040
-8112
-4472
552
12624
15888
-8280
-10956
2352
5712
6812
2356
-5704
-6292
-1076
13316
4216
-2596
-252
5340
312
296
5968
-216
-9236
-4832
6760
6424
2544
-1604
840
3784
5012
3884
2160
-1872
-8024
-5548
2704
4712
2324
-5344
-10880
4268
13708
8260
-1708
-7876
-9856
-3480
1044
8016
6848
-1940
-4780
-7548
2488
8664
4156
-5980
-13064
-5996
5288
12156
4036
-11972
-10652
-3684
6616
3908
-1300
2284
-3692
-8276
-4276
5344
6972
-2448
-648
6228
-5136
-2896
10536
-3460
-7572
24
8496
-68
-4816
7996
9476
-6716
-4712
2216
6744
3676
5140
-1492
-14104
-12640
6044
4848
-6144
-11548
272
2024
2228
4960
1432
-1600
2592
11236
6956
3684
-4772
192
5140
4524
-3812
-6168
-180
7280
604
-6360
-6820
1652
1184
812
1148
-1892
-2172
-4868
6568
1276
3040
-3296
-300
-5780
-5084
13492
-2692
-11652
1972
5628
-4084
-7244
9676
16604
-608
-10980
-4016
2860
2804
9736
3396
-12356
-14040
1732
18128
9812
-1860
-8432
-1044
1100
10868
4624
-12472
-16056
5416
11076
-1292
-12448
-7700
-2348
4608
3176
3712
-1984
-4940
-3708
352
2788
272
1272
-7748
-2644
3688
5512
-1952
-3252
1332
-3120
2592
6740
-4172
-3856
1044
3784
7416
468
-7640
-1896
12168
9784
-1784
-11776
-12844
-1900
9980
12748
2328
-3100
584
-1660
896
1908
260
-5988
-4848
-2788
4052
1444
4752
584
168
528
-1784
804
1944
-1912
2388
3068
432
-5972
-2684
5812
3192
120
-2084
-7340
-848
-1848
4312
4268
1308
-3108
1088
2984
-2772
968
4184
-500
-8400
-3492
1032
1208
-1880
-1496
-4876
5128
1320
-1840
-6284
6804
17172
9356
-4692
-9264
-1296
-3912
-3616
2312
-5468
-7076
-1480
-2752
1424
584
-2688
-6108
2368
5612
5164
-4944
-2628
7192
6276
3280
3252
-2044
-2896
-260
9420
3464
-440
-6072
-320
-1468
2680
11140
-4124
-11236
-5160
7992
12476
-5228
-6888
-1564
1360
-11472
-2132
-2144
-3000
2480
2632
-12148
-9636
12236
16560
3356
-13584
-16672
-5924
8052
11412
2680
-17740
-20692
11312
22704
1848
-19512
-11184
6032
14424
9652
2596
-7980
-12648
-1388
10020
7020
5708
-10456
-7592
-896
10400
7528
-8800
-8836
3232
3352
-2316
2076
-276
372
2628
5336
-3908
-6624
-5076
-6668
5540
5740
-1032
-11124
-10700
-3700
10300
16616
-104
-7768
-15000
-1508
6244
3684
2496
-2164
-1248
-76
4728
1748
320
-6836
-7468
-6896
6948
5276
2660
-3452
-6364
4448
3260
-3788
-2012
4336
3708
-664
-3172
-1052
5428
6084
7588
96
-4488
3832
2800
-5152
-10504
3180
4984
-3636
-2764
2832
6052
2028
6684
-1496
-3084
3584
6724
-13536
-16336
5296
16664
4360
-22564
-14500
2896
15432
18548
1156
-15292
-3856
12996
14620
7408
3124
-5032
-6696
7584
14612
-2052
-13844
-10816
3288
6924
-3464
-8360
-7076
-3404
4472
2948
5352
-4696
-6084
3384
1848
2308
8624
-1268
-12652
-6172
9388
9964
-1924
-14032
-8384
-4048
2364
15988
8468
-10480
-11036
10688
-1620
-4336
5340
2956
-4080
-8792
232
7180
8080
-184
-6628
-3708
8672
15516
2236
-9880
-11400
4088
7180
580
-4472
-12456
-3840
-612
3480
1364
-20
3060
560
-4548
-1296
8184
-2032
-9088
-4716
-2116
-192
592
460
-6056
2964
1772
-104
-8628
-7452
-1884
6864
2920
3160
-4464
-2868
11256
4732
-1468
-11664
-8232
6180
10488
3024
-5576
-40
5200
6348
-2900
-9880
-2280
10396
7884
-2904
-11408
-8320
8248
12900
996
-10232
-3868
1896
5840
7700
1488
48
-6656
264
7760
1196
-5156
-3044
944
3628
-3180
3280
1664
-2892
-2952
9300
6228
-1700
-7176
4448
9572
-1284
-3416
-2736
-2816
2288
3184
1016
-7124
11176
10556
-10692
-21692
1576
16140
13084
9384
-11252
-16140
-11116
12212
17032
-116
-18704
-22492
-8152
13892
16460
-3972
-17172
-6404
10900
12212
2132
-4428
-8412
-7208
2932
15572
12896
-6264
-6160
204
3768
5208
2700
-9300
-19560
3820
22424
8824
-13880
-5676
-1104
-64
5732
10888
-5904
-18328
-7368
4680
10428
-80
-3712
-5964
-8108
2708
10564
9320
-4544
-11956
-14636
-3200
10088
8888
-4760
-9144
32
10904
10344
-2900
-12016
-3688
3452
5768
6656
3284
-7404
-11120
1272
6396
4428
4940
-1836
-8444
160
11992
2500
-3492
-4436
-276
796
2048
3056
672
-4896
2624
9200
-2056
-12744
-8500
256
12808
6540
-11520
-11036
-3996
5820
11092
9556
-1796
-8036
-6836
-1952
1820
-6168
-732
8032
448
-6168
-8024
308
5136
1644
-8592
-13076
-2868
9052
7524
-2592
-1912
-2572
-2748
2368
6696
-1404
340
844
5612
-1124
-4512
1504
3096
4268
780
1596
-3568
-9068
192
7252
-2572
-4984
3248
4832
-1656
860
464
-3548
-976
6600
4660
-14260
-9840
8172
12112
-1908
-14724
-7596
-344
5596
10804
1684
-12384
-544
8392
17936
9172
-2228
-6552
-6972
10204
20812
1028
-21528
-11220
5432
8728
-1564
-7816
-4316
-8332
128
5108
900
-8748
-612
-1044
-5048
11480
8296
-7360
-8652
2544
7008
1356
-3976
3088
-9344
-7856
8584
14476
-1668
-2084
6940
8648
-6052
-7340
10636
7856
-524
-8060
-5636
-6400
9756
20940
5780
-15416
-15208
3772
9768
2860
-6056
-2388
-4172
4376
2336
-3300
-12316
-6692
-1904
432
1172
5016
-2148
-16496
-4148
7720
7372
-5884
-7936
-3248
-816
84
5232
-1688
-4856
-2832
-2148
-300
-4464
-704
4992
5744
3964
5556
-6256
3824
7588
1752
-7880
-7388
-8004
5792
7312
4080
364
-1060
-2200
2692
-560
-2924
792
-372
1176
2936
-2356
-80
5796
4288
-1908
1088
1156
2292
-824
5852
4312
852
-4932
760
5548
76
3356
-1776
-1644
-8144
3384
3128
-1976
-1204
732
8812
6368
3320
-1096
-1728
-8716
1640
-848
-4040
-56
9240
3520
-6508
1240
-272
3104
-4480
2844
-5904
-844
8180
7256
-1096
-8952
-6388
-7520
-7056
6716
1404
-12960
-11156
3724
9464
-5632
-5780
-684
-172
4888
5880
-1672
-6160
-356
5080
2220
-2172
3996
3772
-1128
2644
5896
2376
-8576
-6796
7040
8328
-5132
584
-5484
800
13504
7376
-5996
-15332
-508
-2948
132
7080
2272
-188
-15428
-3372
8580
14232
2576
-4124
-15760
-17572
6760
24668
6620
-19492
-18512
-1492
13108
12580
4504
-10392
-14680
14580
11772
824
-8196
-4732
-868
-1360
8228
12268
-4988
-13816
7616
11016
4824
-7256
-8540
-1176
4980
7280
5944
-3764
-6600
4204
8088
1520
-940
-6320
-5576
-8352
1796
8316
1928
-4208
-10332
-2684
10168
12228
-724
-8348
-11080
-6348
1348
2020
3756
-132
1872
-2824
-492
708
2280
-248
-7296
-8812
-2156
4036
404
572
-6196
-1444
-2104
3784
1356
2180
-1132
72
-4488
2140
1976
1832
-2260
-940
2604
-9696
-5608
7948
3348
-3840
-11876
-1284
4148
2780
1040
4668
-2424
-6476
4636
2668
-3348
652
2404
-104
-4368
-5248
-3860
-952
-6672
4424
4556
-4132
-1644
14692
8660
5892
-944
-4780
-8080
5832
15528
-544
-12776
-7432
3384
-1908
-996
-1620
-5880
-5812
1132
1320
-7880
-2412
1592
864
-2268
-2636
11132
3216
-2400
-3332
7632
-2872
-3072
8204
4224
-9420
5408
13244
-64
-3808
5040
-5744
-8936
916
13232
3796
-1284
-9724
-10840
-4256
13916
25248
6212
-19448
-13668
11244
17456
6944
-6460
-11296
-7408
3764
11212
912
-10660
-9444
-280
5860
2560
2084
-6764
-13704
5100
5332
-3368
-10872
-1908
60
5036
10736
1172
-4960
-14148
-2688
9524
7328
-4668
-8404
-3168
6320
7924
7964
-4784
-8908
5920
10896
2296
-10516
-13064
-6704
13860
10064
-1428
-10920
-244
7596
2480
-3472
-5916
-5424
3576
2364
-5332
-7944
1452
8420
2212
-224
-1324
-864
3424
9212
3392
-5512
-6344
-816
6108
6888
1684
-4564
-12812
-860
4272
2352
-4664
-832
2940
5716
712
2972
2276
3640
180
-1652
-7408
-8392
2732
4136
-1452
-7876
6368
7996
-4568
-9968
-4372
3068
5968
13672
6028
-5808
-12288
-3124
2268
-208
1228
-3668
-11588
-8260
9696
2000
-1412
-5796
2052
6996
6264
3712
-4144
-704
7420
3844
5000
-4456
-1656
4704
-1924
1940
756
-740
-11520
2464
4912
4500
-876
-5480
-3324
-4296
10804
16348
-6456
-15576
-5568
3372
2576
360
4404
-6812
-6152
-3060
3588
1684
4628
13148
-9308
-26060
-11984
16520
15444
-352
-15280
-6744
320
17420
13848
-8580
-12888
324
12564
7552
-988
-3000
-1964
-104
-748
8068
-864
-4772
1008
3452
3728
4672
-288
-456
-8292
1444
5488
3760
1920
-2452
-4928
988
5880
2168
-3808
-10664
-116
6140
-1504
-2192
-6420
-6548
7664
6496
5340
76
-9592
-6752
-2724
-3596
-2672
2096
-2852
-1316
7452
4764
5936
-952
-11160
-4400
2976
-992
1688
1840
608
-3900
-1592
-448
4024
2252
4732
-2680
-14132
-3168
3684
9188
-2872
148
3788
-5004
-7864
-1144
2080
-8436
-2700
2292
5720
-6376
5540
9312
1948
-10132
-3028
840
5012
-4504
-6120
-3972
10380
10748
-4448
-22440
-7508
11076
12756
840
-228
-8348
-1200
12772
18740
6396
-10648
-14088
-1284
12404
12900
-6148
-22960
-7208
10528
9764
944
-11172
-4424
-788
6408
5788
2152
-5188
-9396
-1712
14780
1372
-16668
-12152
-3844
2540
10404
4992
-11312
-12020
5960
7996
-2044
520
5632
7000
-5036
324
5336
-2452
1856
2992
-13756
-8088
12504
17736
4464
-11344
-5420
6804
5996
11516
1112
-16980
-16588
7144
16972
1600
-11608
-6968
1664
3372
2788
-3036
-8772
-8044
3672
3280
-868
-6112
-4624
-3764
-688
3640
1168
-4212
-5584
-4744
1612
920
1484
-4584
-7464
-1796
9388
14640
-132
-9600
-10012
9820
11904
-4856
-14704
-8888
2928
11320
8100
804
-492
1296
4712
5284
3612
-3132
-2504
1724
-4616
-520
4464
6008
2576
-528
-2272
1532
4972
6260
-348
-416
-1864
-5724
-9452
1468
6844
2448
-5692
-6276
-4904
752
-388
884
2612
1160
-1068
8096
-36
-4104
2500
636
-8916
-8096
4228
12432
3132
-2500
-4980
1612
10952
9308
-14444
-15168
10872
31404
8196
-16812
-14464
1584
5512
11560
-2036
-16292
-23904
-10876
10972
13284
-4496
-15272
-10012
7784
20072
12612
-10888
-13624
1528
11444
7036
5716
2428
-7584
-2300
6388
10844
-3072
-11264
-5208
984
10924
9232
-1268
-15664
-8376
13520
18364
-5300
-15904
-2408
1656
1208
464
192
-220
-128
1388
-696
-5372
8484
11868
-5436
-17472
-6384
9504
12484
3200
-7132
-15264
-3464
14380
19936
-9080
-18124
-464
11444
9156
-6280
-10060
-7752
-2264
13236
10460
-700
-5520
948
308
3812
4772
2428
-4812
-5188
2492
4736
3024
536
-512
-2688
676
5496
-844
-1060
-8744
-1152
10868
1296
-4624
-10896
-1552
8008
10200
4172
-5016
-7688
-3664
-4960
916
-3912
-188
-72
4476
916
672
-3388
1424
2024
-1904
-5052
-948
3720
832
-3556
-4548
-1480
1412
-628
-1264
5532
-2108
-5536
-5768
-1352
4064
8456
3908
-3068
-6316
-2596
-340
-3500
-5096
452
4300
-5512
-7476
6164
8144
3172
-3864
-6076
-1288
4468
6448
-544
-5400
3628
4600
-9092
-14284
-460
8568
-1512
-796
156
2972
15232
11676
4540
-2152
-1796
1964
2084
2824
6916
-2328
-8852
-4708
4104
4348
-1056
-980
-128
-2456
-7264
4004
1704
-472
-6008
-472
1788
8788
2176
-3708
-19380
-2248
16024
10696
-13992
-12048
5800
1816
1052
13252
8840
-7196
-5588
-92
-1720
2688
11240
4340
-10784
-15964
-3768
19616
14972
5540
-9844
-15400
-1416
15884
15744
-9076
-14112
980
7044
4052
-4328
-4464
-9332
-5372
7420
8472
-3636
-8392
-1972
2028
-296
3828
-1656
-7376
-2920
3196
9668
-1112
-2572
-1140
-4260
2936
7492
432
-7236
2344
7344
6096
-3552
-3844
2892
11932
7788
-1876
-13392
-9136
1512
9416
5816
2604
96
3284
5148
-2792
-8100
2820
2812
-964
-1364
-9708
872
7128
11696
-2016
-8772
-1392
2900
4880
228
236
-4356
-3540
208
4304
5360
-4596
1624
-1252
-1328
-4180
1156
3932
164
6992
7096
2216
-8912
-9428
10928
6112
-8580
-11952
-4084
5876
4384
-708
-4744
-7100
4680
10240
-3828
-9560
5024
11280
6244
3272
7960
-4088
-20032
-3512
6028
6428
480
-11884
-11108
656
6152
6940
-7468
-4888
4360
-3080
-2464
5948
8832
-336
-5820
-92
7784
4508
-1248
536
144
4876
2300
-1416
-8532
-468
10940
9084
-5116
-10140
1736
804
3148
8912
-2960
-13708
-16064
9712
11876
-1720
-6132
-848
-8172
-5904
10788
14460
6412
-8896
-10336
-3064
224
4504
1204
-13764
3632
8492
236
-9220
-5124
3192
2760
800
7820
-884
-11136
-7892
5500
8544
1092
2260
-3348
-4116
1472
4828
2236
-1168
-5536
-5284
2524
2444
3408
8
-828
980
6592
728
-6820
-1680
-5460
6732
12872
-2124
-7844
-9876
-1224
8412
12424
-516
-7484
-9560
-3292
228
5240
6516
1388
-1676
-2428
-492
1828
6248
708
-7716
-6364
-612
9996
5864
-1256
-4160
-6380
1860
1784
3740
2204
-236
-4668
-968
-1716
-2244
680
5152
4380
-5392
-7468
-3236
-2768
396
756
4044
-1660
-3752
3472
-1860
-2120
6392
-1508
-4936
-2712
7332
320
-4372
2416
2740
-2100
-9492
-8908
-944
9596
7864
-1604
-9924
-932
19264
13660
5744
-5924
-10548
-1456
11200
16864
-4720
-15980
-7256
10736
11788
-1428
-8672
-12620
-4700
3376
9168
-2148
-13604
-7024
-2940
4928
11332
9248
-5092
-12312
1204
10732
4308
-9484
724
-1380
-16328
5864
15740
11588
-20
-5424
2424
1900
-92
6828
10628
-7240
-9968
3188
2792
12200
15040
-4160
-18704
-6324
13332
16156
-6428
-15520
-11120
3816
6032
-4964
-11608
-10724
-1176
6276
4052
-5952
-7316
-6328
-5460
3544
7628
-1680
-6804
-112
-1116
-704
-292
556
-6348
-3076
-996
2600
-2508
-3496
-2768
1856
4200
8212
-364
-3456
1100
15892
1840
-9304
-11024
-3464
10892
12204
2064
-3684
-5196
6072
-644
-2228
-6116
2252
2400
1324
-160
-1804
3904
8376
1880
-3028
-3460
-892
-1528
3504
4548
8432
-2312
-2124
-2688
-348
-1240
1180
1212
-4060
-2992
1288
3236
804
1404
5532
1576
2332
1532
848
-1596
-8748
-1200
-156
-7248
1860
4636
-3804
-5672
3004
7640
-7704
-11772
-1628
17500
17588
9480
-8424
-18940
-11172
17736
7788
-13704
-18968
-10508
-6420
12300
11096
-12168
-20292
-1792
12132
11796
-956
-11504
-5092
2660
6388
11476
-256
-9628
-2140
3500
6068
44
3124
-8640
-11288
-140
13388
10456
-7492
-404
-5176
2920
15460
9296
-11044
-14620
-3072
5512
-2564
2472
4756
-5812
-7292
-3660
12792
9368
-5288
-9768
-8188
-8824
10608
15684
-476
-11644
-10232
-548
12712
7212
-4848
-13268
-1704
8988
9624
2400
-2612
-1336
-940
6592
7800
3980
-1612
-8812
-552
11768
7084
-888
-3632
-4460
1392
1996
6416
964
552
1180
5952
524
-3636
-7164
-6496
148
3368
960
-8632
-6276
2588
10536
8288
-5644
-9352
-7920
-3308
-1888
1536
-1012
-2784
2068
2860
2632
-2916
1100
1280
148
-4408
-2488
8164
6556
-5504
-1900
1976
-244
-5440
-816
748
-5928
1796
676
-7012
-2896
68
4452
1452
-612
-4288
-6908
-3004
2340
2384
-4320
-7924
5412
2520
2768
340
-4028
2432
1284
8756
6164
-19128
-18564
14140
19512
-2496
-17780
-14644
-568
11464
16876
4536
-18900
-6352
13764
14428
11428
832
-7084
-6180
5880
16380
2168
-14208
-11880
-5644
6848
10036
2124
-12484
-8216
4356
5560
480
-4456
-3368
-7504
-2648
5784
14816
-208
-16252
-10944
3208
3344
3728
636
-10508
-7116
6704
11396
-1108
-4232
7508
3872
-5472
2280
7084
2248
-292
-1324
-3412
-4132
8032
16820
3452
-12404
-9948
8400
10916
1696
-11376
-12696
-3672
7504
6716
2352
-12380
-9692
6656
8604
5356
72
-7048
-7776
10244
10112
2756
-11792
-6540
-24
6580
5164
-968
-6984
-8012
564
5484
-184
-5664
-7356
2196
8504
9724
-4360
-9832
-2220
18640
11536
-5108
-16732
-7860
7460
11384
968
-5276
184
5940
7412
-2556
-6724
-3672
424
4804
4324
-2716
-2544
7812
8044
-1572
-3332
-3456
-3448
9468
8148
4184
-2484
-2328
5280
468
-2316
-2216
-1172
672
-1192
2596
56
-9168
2188
9272
640
-1816
3764
2732
-4616
-2164
1820
-9532
-4548
11152
9704
-12160
-8684
2784
2792
-4264
-2700
780
-2556
604
9204
8592
-4696
-10572
-4060
2824
4672
2544
-7784
-13968
-4808
14504
7820
-14940
-4356
2372
2676
4484
1312
-10160
-6504
3316
5824
3856
1212
-4868
-1468
-2332
7772
10000
2312
-12264
-5784
4000
5496
4488
3888
-8508
-12780
-744
18156
524
-11576
-8380
-4764
-4804
6020
12352
-3660
-9744
-5344
6384
14600
14168
-4656
-28976
-18568
9036
28648
6980
-22400
-17740
5504
11488
8332
-1396
-13356
-13692
10400
15324
8748
-2584
-7100
-1020
1796
848
11024
-4024
-10792
4896
10728
-668
-1624
-972
1972
-1116
7212
-1080
-3680
-908
7432
6592
4316
760
-6240
-13912
-6652
2164
7608
-1852
-8988
-13876
-68
15780
11404
3952
-4464
-5248
-6620
500
1812
4016
3924
1828
1428
2208
412
2664
-3036
-4296
-2708
2772
-3788
-3548
-3108
-3060
-1260
-4252
2064
1380
-536
2436
-4020
-3928
-1712
4720
3656
-1920
-2564
420
-4352
-1468
7676
2512
-7680
-6772
4720
3720
-1172
5708
12572
944
-6472
-1884
1512
8532
7424
-1940
-14668
-7920
7096
9080
-7572
-7916
-2872
4484
3292
4696
5988
4992
4064
5472
1216
-5964
-2304
14300
9040
-4052
-7772
-10116
-476
9972
5140
-7600
-14000
-3628
4328
3364
3052
-732
-8220
-7924
3056
11132
6476
-4216
-5160
-5304
-2128
10236
6100
-9916
-18640
5696
16724
1900
-6380
7548
3728
-2116
476
292
4024
5644
4548
-18984
-15584
14076
26840
7980
-21256
-18764
3232
19440
16936
-5468
-20100
-23432
9236
21236
764
-14096
-10404
-2228
9124
11900
6876
-9912
-13960
2052
11980
6524
-9100
-8368
-6032
-1460
10400
6892
-5044
-6192
-1832
4292
3812
-272
-8056
-3020
3376
5804
820
-5336
-7524
12972
12956
3172
-8904
-8564
3628
7832
4716
5800
1048
5088
1528
556
-3128
-8048
-2512
-2220
3708
-640
-2224
8708
2864
-7828
-928
312
1196
5968
840
576
-2400
1292
-1116
24
4192
-868
-944
-2284
1228
2692
-3124
3168
8640
1968
-8540
-992
7896
1860
-2348
-1748
-3304
-3256
-5564
-3768
5728
-252
-7272
-5616
912
7516
7132
-3016
-6964
1048
15760
9072
-7864
-11124
-6528
-4136
3764
3400
-7156
-12228
-9864
6448
6864
-4128
-4308
-5524
-2288
9932
11828
-336
-6552
-3116
4032
2692
6124
6084
-4116
-8788
2488
5600
-2024
-5836
-1612
-1244
7292
4568
3216
-9384
-8064
8332
14796
-3580
-13672
-1088
-3720
-668
6476
7224
-876
-12600
3592
-2672
-3620
6192
14036
-4392
-24568
-4756
12580
11720
1328
-7208
-11328
-1608
10904
7804
-9360
-7568
8400
8412
3440
-648
2212
-6832
-8608
6232
9616
-3656
-4952
-444
52
5832
7908
-2288
-5488
-7148
4052
7172
3672
-1280
-1868
-2692
5720
8756
3584
-11288
-11588
-2280
9136
24
-10684
-12592
5080
15464
14840
-8512
-12104
-6688
660
5976
2956
-3684
-7324
2868
6736
5720
6008
-2112
224
-3496
-5184
-6672
-2088
-72
-2432
-7628
-5480
4812
7412
-1920
4496
1448
-4100
-4796
2252
5860
6484
2768
2612
-2548
-6728
-3188
6616
1376
-5620
-5248
-828
-640
5060
8824
6124
-1380
-3676
1068
10100
-3360
-7936
-3016
4112
14532
5416
-19748
-18660
2160
21916
6372
-13648
-12180
1924
14188
14552
5788
-6140
-13588
-884
11904
12916
-284
-10356
-18216
-3652
13916
7320
-9280
-7568
-3448
3392
-1952
1672
16
-7716
-64
3252
3492
6204
76
-3904
-10520
-3552
12716
7836
-17192
-6256
8860
-3200
4008
3880
9660
-4872
-5892
688
5820
6176
7404
2332
-9376
-13180
8740
27672
9528
-19944
-17504
-908
12664
12512
-7228
-17908
-6656
21380
8620
-8180
-13576
-2416
-1100
-2320
3280
2316
-3220
-3476
2592
-1316
-3228
560
-6744
-9856
-1948
9064
8700
-5864
-8064
-5264
2868
6524
1720
-1816
-3328
-1780
7500
8564
64
-8828
272
10272
7456
-10312
-10552
-8756
15320
9100
-4280
-7068
2036
8444
4752
-928
-11144
-7032
1224
3188
-2176
-3404
144
7684
10380
4596
-4612
-5440
-1024
7176
2320
552
-3948
-4824
-3104
5856
3132
-2832
-3856
-4508
2628
1320
-3956
5204
3204
3364
8492
1756
-2384
-4336
4224
4012
-10700
-13832
3520
6864
-276
-4228
-40
-3804
6808
5168
-7288
-16040
2412
25580
6092
-8688
-15104
-5232
4568
11084
3600
-16804
-23904
-4592
9632
11816
-2620
-11576
-15412
5740
15128
6676
-4204
-7744
-1924
5268
6492
11900
4148
-6472
-5224
4232
5576
5196
3248
-3616
-5164
7800
12476
-4192
-15892
3160
7488
6060
-4232
6060
-2396
-15364
-5372
6368
9112
-2352
-10620
-6440
-2584
5488
13172
1360
-12284
-20144
-5172
18616
12664
-596
-11208
-11280
5948
18088
10340
-13732
-8824
7088
7264
4088
3320
-3680
-10160
1236
9892
4200
-7396
-5444
900
2144
5492
-692
-3216
-6424
-3416
5560
5836
2000
-3508
-4368
-2456
6376
8004
672
-12584
-5904
3296
9392
5236
-6872
-11604
-768
13048
11760
-6388
-6992
-6432
3836
5596
-6524
-8840
-3568
9080
7872
3588
-3648
164
-68
2664
-2088
-4132
-2836
172
-852
-1368
236
-3952
-5696
1500
6988
-556
-3016
-2448
1404
1500
1604
7220
2608
-3000
-8172
-400
1392
-5284
-4588
2404
5428
-6232
3992
7332
7604
3284
-5520
-5216
920
7956
1848
-12384
-14012
12260
16200
-4156
-24292
-11512
6592
15356
9096
-148
-6480
-1528
18328
13716
6060
-6452
-13204
-2052
20068
10104
-7132
-21004
-10700
8404
6524
-1004
-2880
-5764
-7672
52
4028
472
-1940
-5524
-1372
2104
1644
6184
-2108
-13116
-6184
13372
-712
-3508
492
-3336
-1080
2916
17480
2432
-11116
-8468
6196
6156
4796
2676
-3292
-13104
-9896
7264
13412
6404
-5808
-9760
-9796
4420
17796
4600
-16040
-17816
-3284
9060
5668
-3196
-5524
-3972
2520
7736
-2772
-4960
-728
-5108
-2820
4332
4976
-4292
-6952
-1452
2984
3416
3796
2256
-4836
-4388
1160
5444
-3308
-11980
-692
8564
12540
2128
-6424
-4780
7916
12272
-3772
-9232
-10568
1644
10016
6884
1636
-872
-2580
6612
204
-6476
-5232
-2836
2768
268
2812
-1436
-528
4928
-2376
-1360
232
2188
-2696
-32
-1680
2424
-312
-4572
1452
6264
-300
-3036
-996
7244
2024
6424
-720
-9112
4656
9692
9084
-8184
-6080
-2320
1100
-2536
-4528
-5220
-620
6384
9456
-9968
-14408
-1612
2756
5116
2748
-1892
4144
7440
6540
7912
-6224
-13012
-6876
1140
-4052
160
-5920
-5292
6332
2740
-3716
-8508
3408
5172
2252
-1824
652
480
-692
3512
6772
648
412
2236
4312
3044
6500
-2444
532
-6320
3756
8180
-5272
-5048
7320
1412
-6196
584
11348
1144
-7204
-5076
2224
4336
4832
5828
-7944
-11824
-4844
13480
13716
-7892
-13904
-9880
-4096
10832
10052
-1312
-12932
-9256
11792
16692
-2336
-8748
-4404
5260
8148
7792
2200
-7308
-924
1236
1768
2384
4016
-532
-2056
696
7360
1108
-8196
-1324
364
1656
3764
4756
-2364
-1672
2000
-1052
-1916
252
-3808
-6032
960
6468
1824
-11324
-12652
1996
15376
8480
-3244
-5860
-4396
2196
-112
-6860
-708
24
80
5304
2168
108
1016
-712
436
-7004
996
-880
212
-3176
284
1376
-3272
-4880
5444
1984
-3436
-2148
-2852
552
2944
3388
-3336
-7556
1884
2332
568
-256
-3596
-1880
-3996
804
3980
4988
-4456
264
5564
644
-1060
-208
1596
2264
44
2408
-1936
-16320
-3344
9268
2988
-6272
-7188
1856
-736
7864
10844
-2540
-5944
820
664
-464
6756
-772
-8572
-10896
3640
7932
616
-6472
-6520
-2376
1128
3656
-136
-200
-8100
-2568
588
3692
6180
992
-9568
-6852
5392
8700
-1984
-8032
768
828
-3188
1788
9720
6548
-2264
1056
-7608
-8276
11608
15344
-5000
-14096
-1576
2528
11416
13192
5464
-17152
-17968
6840
21332
5540
-9128
-12932
-4780
8048
8828
1392
-6884
-11196
-3344
7600
7372
-880
-5948
-7820
-8164
3140
636
-13280
-4492
4368
1656
2656
1352
-2924
-7324
-1824
-1152
3300
-2308
-2852
-992
6128
11380
140
-2404
-4976
12084
9672
-3076
-15144
-11084
4840
9332
7456
2700
-7932
7120
3608
-5840
-3968
-4432
1324
-1080
828
-7748
5404
5052
5892
-4260
-6284
1676
4964
7640
-1636
2748
-5292
1208
3724
1652
-348
-4212
3416
-2504
-6608
24
7316
-3040
-3808
6360
11432
-5408
-6692
2520
4360
-3664
-5344
-3440
-11740
-3344
7992
4160
-10348
-2608
9572
64
-7632
-1784
7104
8748
5036
4468
1136
-10132
-6012
-396
-564
704
-2424
-11648
-11796
2384
9408
-1160
-7608
-700
8932
3956
2072
-7480
-1356
4872
8840
5372
-12
-3064
-3376
636
3152
7640
-1660
-16484
-6624
11348
14576
-4992
-10292
1588
2044
496
8976
6620
-14452
-5136
2848
1944
-1668
5440
6200
-6824
-11468
4224
3500
4200
-1904
-1268
-15064
-7208
11860
17056
-4776
-17976
-3928
7684
9304
7496
1196
-10116
916
12448
8816
-1772
-9484
-2664
-988
-1116
5148
5444
208
-6476
5512
3672
808
320
108
-3320
1116
2400
968
1728
2200
1684
3796
-1796
-2916
-8708
-2780
4732
5968
-2000
-7448
-7564
-220
12796
10364
-848
-6024
-1308
1108
-5520
-240
948
3648
2104
428
-2616
2300
5988
5468
-5252
-7484
-2400
3288
-4968
-3296
-3272
-7244
-1836
3320
5332
-520
-3452
1944
1320
-1112
-1172
2516
1188
2660
5876
-124
-4912
-7876
-856
-2652
-6876
3660
6420
-2908
-8676
3684
11468
-8660
-3728
80
6200
-6168
-4064
-660
1840
6212
1580
-12028
-19792
-2248
24764
17160
-8348
-17940
-1828
14372
24352
12140
-9956
-22144
52
17696
11240
-1780
-8188
-14864
1856
9060
11280
-18896
-19960
-2744
8428
10060
5216
-7968
-16304
-6872
13320
9248
-7920
-7092
-3600
3568
6584
14076
1524
-26580
-6608
25076
11176
-3400
-6796
4308
5112
496
-144
5768
1852
-3984
-7832
-9520
-1168
26372
15452
-13836
-20840
-288
16776
15744
6932
-9180
-22676
-2984
18056
13376
-3280
-17744
-7804
4852
7968
7736
-2128
-14844
-5228
9176
12916
-912
-10544
-3412
1340
3188
-532
772
-4004
-6012
612
3704
-464
2144
-940
-2384
2244
3984
3192
-2908
-2936
7752
6456
-6040
-6536
-6580
1716
9256
4396
2456
-1080
-1336
-1492
-4172
520
-2368
-768
3040
124
-1064
1220
7816
408
-532
-1732
3836
2492
1152
-92
-7460
-3364
5820
1520
-2144
-1872
-1936
-2352
-3256
-280
-2536
-1664
1936
10072
980
-2208
1636
5116
72
-12884
-280
1764
-1028
-2940
-956
-2280
-8380
-5744
4872
2212
-4580
-11472
-6332
11388
24824
16628
-12888
-21860
-4676
11660
7076
-8496
-10308
-14920
-8136
8876
14348
-9504
-16992
-6688
7480
13880
5728
-4772
-5836
-3788
9344
6488
608
-3500
3080
-1440
7268
6444
5004
-11736
-4464
2676
8876
1352
1464
-748
-13676
384
18176
8196
-6500
-7080
-376
-652
-5804
92
-1236
-3352
-1608
-660
-2484
-1112
7464
9992
-9336
-21848
348
19108
10752
-6440
-13388
-1164
16924
17520
412
-17272
-11312
12944
13472
9196
-6308
-3156
-5348
-1436
8408
5676
-11512
-5176
6516
7152
796
6172
4140
-1784
-3828
3256
4920
-1096
1572
348
7532
4824
-256
-2928
-11728
2332
6892
1756
-6776
-8428
-5660
11256
15544
7144
-5344
-9156
-8432
-2420
4108
2668
-1660
4544
4172
4024
1524
-2060
4976
1736
-3168
-9668
-5528
7560
-2984
-2284
-3360
1880
-2384
-1640
5356
2428
-36
-6640
-5396
1832
5116
3504
-664
2692
-4064
-9028
-2944
5188
964
-9504
-136
3368
-3580
-2388
8264
3504
-4788
2172
2916
96
-13024
6120
12056
-660
-12840
-10088
-4764
-3504
5528
-3012
-9504
528
15084
9704
-248
-6960
6512
5148
2928
2736
456
-5640
-4740
-6164
-2812
1132
4816
-5004
-8136
-6740
5228
1064
-8188
-3752
-4464
-5328
376
7944
2816
-2080
360
620
-6912
-3572
12652
-1248
-18368
-1580
18028
-1144
-11156
7936
14000
-324
-9024
-3368
284
8656
18896
2460
-19404
-20796
11900
28924
13728
-16180
-15676
-1868
10824
16156
4044
-21476
-10516
17468
10780
-10456
-16868
-10040
-3388
3172
10064
296
-8712
-6936
4056
2388
-1976
784
-3604
-6804
-16
7096
5836
-3508
-1764
-132
-2488
-596
-6228
-1624
1652
4548
3648
2004
-5136
-1348
12036
9016
-4100
-16936
-9488
4872
13156
7992
-1976
-4716
2540
3684
-1684
-6332
-2000
-3952
6804
-1288
-1104
-736
1556
1000
1056
-6276
-1292
756
7860
9924
-3136
-968
-1192
-4300
-6328
3872
6712
-864
-3572
-3496
1676
1104
1720
4320
3392
-3116
228
2100
640
-468
216
1836
-5436
-5016
524
5944
264
-5760
-3032
-6540
908
9320
7036
-2216
-1692
2940
10412
8840
7716
-14360
-18488
-1880
10912
4100
-9348
-15684
-4580
7496
6852
52
-5864
-5760
5452
9964
2508
524
248
-100
156
10764
6368
-5252
-9236
6272
12788
-464
-8732
-5640
7484
3268
7796
-4360
-11124
640
10356
8628
-4612
-1872
1500
-5552
-7280
620
6688
1712
-864
-2272
-9360
1948
13404
8268
-12556
-23744
-5872
15560
12636
668
-14900
-10928
4752
20480
16180
-11068
-14096
6152
11768
7592
-2836
-5080
-6492
420
7028
4972
-3728
-8708
2096
3956
2176
2556
-1860
-1628
-3552
5976
2576
-3348
284
1608
-3496
1120
-220
956
-1824
-6128
-3440
1496
-2224
-2432
-8800
-8576
4580
4768
1308
-2612
268
276
-5244
-2416
3272
5648
3636
-7400
-8064
-2712
7508
8268
160
-6664
-2944
268
6692
6148
-1696
-5468
-3208
-2124
6524
8708
7664
-2616
-9776
-316
6544
4520
5384
-1144
-4040
-6276
1968
8820
-3488
-6740
-5416
4384
1432
-6708
5032
8608
-124
-548
1052
84
616
-196
-11652
-7452
4868
10828
-7592
-21068
-2300
13296
5572
-6452
-1864
-3224
7140
10908
3512
-1940
-4604
-2684
5652
8004
-664
-5800
-10740
4252
11192
-1656
-7952
-4440
-1924
-3612
324
4568
1852
-10204
-1612
4340
3952
3948
-4912
-8616
-10592
5980
14356
1796
-10412
-1224
10000
-1252
-492
9940
4528
-6500
3528
7084
-740
-1688
4488
9344
-5352
-13404
1528
12236
6632
-768
-6512
-5552
1480
15580
7720
-11016
-19432
196
12960
-672
-7844
-6624
-2204
1324
7140
1460
-8760
-4096
6536
3820
2472
1656
-4476
-5888
48
2784
2436
-2400
-1548
1712
524
3028
3656
-4140
-572
-620
8472
3960
-2716
-7320
1736
11036
6748
-8436
-9044
-10816
8636
11956
7968
-6540
-1740
5992
364
-2148
-3692
-988
-5332
-3228
-1520
2048
8600
3404
-56
-9064
-2636
3844
8652
3316
-5152
-1328
-880
-4620
-6428
2728
1608
-2012
-2828
-4012
-1800
592
3712
972
2844
3616
8380
1432
-6828
-1800
8828
540
-420
-1232
-6368
-420
2512
2104
3100
-5764
5284
11356
-16308
-19124
2788
29624
24832
-5736
-21900
-20904
-2936
22676
12944
-7536
-20512
-14480
884
21460
2372
-11692
-17432
3916
17976
9532
-4396
-6280
-5168
-124
9236
13884
3664
-4564
-2484
5336
6740
952
-3804
-2408
-6896
8764
14516
584
-19840
-7028
16456
8992
1780
-2520
-6756
-12900
6280
7972
-10508
-10128
6072
4564
-3156
136
5828
3832
-1672
-7364
-8364
-7776
8780
3176
-604
-6736
-4308
6840
8856
-8976
-7148
2800
6988
4396
720
4520
-2948
300
5008
-996
2152
4304
-988
-1300
5980
10788
-1980
-7976
-2668
2552
6460
752
1288
-5780
1276
8572
6364
2004
-8212
-6328
1348
12956
416
-8396
-9328
-3508
11476
15708
1544
-8748
-9744
-1688
708
-1036
-2156
468
5632
8212
580
-3388
-924
5368
-2728
-6152
-4116
8480
8552
936
-5340
-6556
2544
2064
468
4912
4
-5336
-4044
1380
4812
2104
5572
296
-6088
-3104
2508
-2952
-1924
-4264
-1704
-1492
-5416
9240
5000
1784
-1128
5648
-6016
1100
3280
3544
-14176
-10544
12632
18820
-8068
-23576
-12976
2964
14364
8508
-7536
-13952
3160
17116
8492
4240
-4444
-10700
-344
9660
14024
-4836
-11464
-3380
5600
5148
176
-6724
-4468
-2896
4048
6872
-2632
-7032
-2428
56
532
1820
1836
-5680
-1728
2748
12120
2376
-10512
144
-1540
-4276
10652
15836
-2328
-14428
-7156
2884
12612
5312
-460
-10880
-13560
832
7188
7872
5116
272
-11772
-9036
4208
11960
-848
-11224
-4608
5944
2956
2008
-464
-5588
-4896
2148
10700
3260
-5280
-84
1324
-1420
276
4392
-7312
-4116
1384
6220
3548
-296
-1688
-2352
3712
5788
-2752
-6576
-8400
4712
5520
4568
-704
-7712
-2872
15292
12560
-7864
-17724
-10984
9104
13488
8028
-7900
-944
3904
12188
2060
-7456
-5104
-1976
7500
-440
-3836
-4244
9780
11616
-3496
-10768
-1560
7204
6576
1848
-2436
-6476
-5076
3064
3956
232
380
680
-3808
-5484
2040
-3556
-2924
1812
7120
5496
-6956
-5256
9108
7328
-3140
-5928
-1576
-2984
-6472
3640
1104
-4212
-5880
3912
4204
-3988
-4588
13236
7800
7600
1856
-4848
-8284
-2444
1724
-4052
-10816
-9964
-4856
-3440
612
5272
-8528
-7376
4884
7960
3592
-4204
2896
176
8820
3148
3344
2468
-2092
5196
180
-708
3276
1476
-4804
-3724
8228
13196
-3020
-11684
9512
2552
-1392
10800
3908
-10888
-14548
5908
7588
-4812
-4620
6964
-960
-16464
-5628
13876
14864
-5460
-8308
-14628
964
12044
6680
-12504
-10096
3296
3476
5668
-3656
52
-5200
4340
10708
5960
-2912
-8772
1612
-460
3328
3792
3752
-5976
-5584
11964
10516
3440
-3808
-9320
-5448
2920
7668
-1012
-6632
-5220
8076
10212
4760
-4940
-9300
-7368
3876
7896
820
-12636
-9856
1772
12688
10032
-3576
-6620
-3972
-4572
952
604
636
-1516
1436
1656
1128
1924
-184
-2124
-532
-7420
3684
1920
952
-2272
-5436
-7168
-6968
4812
3616
4964
-5684
-1036
-1528
2436
3360
5200
3296
-456
-7232
-1816
-876
80
5544
-1768
-3940
-8828
192
4192
4900
1700
720
-7784
-5504
13100
3228
-568
-3784
-6348
-7124
1008
8888
-4496
-14688
-1136
10244
12056
192
-4164
1112
4376
8300
11440
-5788
-7416
4164
2640
1132
-7728
-2680
2632
4368
-8476
-1816
-3252
-612
384
1448
-2844
-6604
-348
-1324
292
3612
3148
-5876
-6204
5260
7456
-4316
3396
1312
-12748
-2396
8024
8628
-4776
5840
-3868
-5176
-6028
4108
16120
9280
-9344
-15364
-9332
3396
17720
20648
-7304
-20924
-1300
19320
9696
696
-10672
-14740
5916
10920
1468
-8216
-13976
-3932
4444
7940
2912
-2876
-9616
-6428
7736
2536
-1348
-8060
-1572
564
-1232
3048
2280
-3484
-8168
-4684
6700
5648
2340
-2736
2280
2952
2856
808
128
8360
7792
-1672
-4672
-2776
-840
6108
9100
724
-2532
3684
964
-3768
-3060
1196
1068
-4548
-5132
-6664
-532
4716
7656
-2840
-5156
-556
5372
8532
7704
2316
-2872
-8588
4652
4904
3956
696
-2348
-6776
-2496
-1284
1408
-1080
2876
7048
1432
-648
3780
3440
-2788
-5788
3500
2592
-13972
-11452
800
6864
2188
-2820
-1376
-8864
-8540
12152
4848
1036
-1644
3548
9452
12
-5008
-8644
-6264
-9092
184
-4616
-7212
3444
-440
-4804
-1504
4824
5572
4032
-1036
-2816
-2696
1624
13236
9324
208
696
6264
-1160
-4808
5156
3152
-11724
-696
10504
-296
-464
5124
-2764
-7288
4936
4896
-3228
-5700
-5460
852
-1308
-7196
13632
1188
-9968
-8484
-244
4348
9660
8108
-8592
-25796
-17332
13268
18576
-656
-13960
-12936
11720
15972
6504
-10348
-15904
6280
8392
9044
356
1392
-4148
-6492
-3800
10236
5836
-3944
-5524
5168
7380
3936
280
432
-3440
1400
4764
8496
-2892
-708
-2112
8540
6060
3736
-5532
-7556
-2244
8144
892
-5252
-8268
-744
6668
15688
-1328
-2352
-8092
-1832
512
-656
2836
-3884
4016
3588
-556
-468
-1256
1644
-2892
-9156
-3036
4152
4680
356
1324
-2372
-824
-1476
5424
-2312
-5560
1096
-3504
8
3632
5296
-576
-4344
-3556
-6744
-7300
3756
-112
-6620
-4392
9120
7080
-9824
-1628
11808
3484
-6788
-5948
3636
10916
-5412
-7976
-5324
108
10536
7804
-13284
-16028
9132
14856
2368
-8812
-4920
4804
16864
21220
-356
-20000
-12672
15032
16728
5712
-13456
-15964
-1796
8884
8652
1148
-12316
-4308
-3112
-132
3992
1084
-5900
-4320
3564
9652
-2204
-8732
-4544
-1088
-2768
3184
4344
-9872
-11848
-44
18748
4308
1872
-1468
-1960
-4060
-1280
9188
7688
-4644
-13644
-4620
-4076
13568
22420
4512
-18956
-19100
2760
12324
8644
-2976
-8500
-9020
3448
13120
-3008
-9476
-7488
2140
9892
1476
1792
-4256
-5688
4712
9164
-1764
-6160
-3152
392
-1356
4252
44
2188
-4820
-3516
-2232
4068
3012
1444
-2564
-2248
4152
8356
184
-3952
1140
9080
2708
-7144
-12128
-4112
6708
6200
3892
-3084
5484
8180
4372
1036
-6868
-5184
-4156
6112
1740
-2428
2520
3104
4776
-1756
-2724
1088
2980
4256
5552
-2548
-2984
244
68
-1136
3020
4236
-6532
-7864
880
1724
-2332
2780
7500
3872
712
6172
4144
-5288
-2856
3556
6324
-10340
-7804
7320
5912
-3472
-2472
3480
9712
10112
-5948
-25028
-960
26496
24040
-3624
-20588
-16540
-1448
9108
1392
-6272
-21620
-10668
10912
17396
3012
-15144
-18364
-3864
16472
11516
-3336
-14056
-8892
7352
8072
3852
-2108
-5416
-5300
3408
16940
10064
-10992
-7668
2840
4096
7232
5296
-5160
-16768
2204
18176
2160
-13808
1704
-3464
-8696
7184
14544
3512
-13672
-2624
5088
936
1428
11336
-2020
-19720
-18728
9456
19256
3016
-9436
-15084
-5020
6432
28108
8608
-13144
-10296
11036
12396
5240
-4120
-6204
-3564
8252
7596
-3576
-9328
-4496
6236
6956
8328
544
-10292
-6316
5396
5492
3036
-1844
-3288
4720
1276
3708
1100
-7244
-7808
-8856
1348
4144
2464
-7084
-11396
636
8848
9520
-3124
-4704
-6456
-7124
-568
5148
-68
-1412
-1612
-1988
4156
6644
2488
-7544
-6932
-2616
7876
3500
-5540
-8460
-4744
3992
2460
-1936
-3124
-468
3572
-72
192
-7584
584
3408
5040
1160
-6576
-5188
1632
6812
-5188
-4228
2612
4776
-4224
1792
6272
2656
-5012
3236
5232
-4156
-1004
8832
1216
-3304
-1912
-1192
-11040
-10184
4000
9864
-4260
-992
4616
10388
4548
6808
4288
-3952
-308
5144
6288
488
-740
-11976
-6580
9452
9668
-860
-6736
-7260
-1912
2672
3356
1652
-4336
-11768
-628
13404
5320
-1756
-4904
-1052
-192
10064
9416
-7020
-21384
-4204
14944
8824
2908
-3572
-7324
-8968
3236
11364
-788
-5328
4916
396
-8496
-2276
9568
13776
-1764
-5828
-7080
-1996
2068
12956
4332
-12584
-8332
8132
8720
-6356
-312
-2052
-8932
-2608
3344
-772
-8288
-3720
8156
-6040
-7912
-1292
-4828
-3540
-740
8000
4968
-2384
-3028
1620
-1964
3748
-3768
-1852
-4256
568
3644
7216
-5368
-6400
596
6296
1192
-5608
-6808
-3576
4552
7976
1316
-3312
1924
2060
-1984
-3612
-2696
-6420
-2140
1420
-132
616
5760
5032
-4104
-8376
-2676
10084
13784
5092
-4976
-3108
-2256
-464
948
956
-2064
-3816
1672
4960
-6812
-2912
2996
1712
-5544
-296
4024
-1912
-5236
-2944
12560
424
-8216
-9668
2212
5960
-1116
-3100
-5004
-2792
5472
3580
-4796
-6964
6876
10816
2356
-3880
-1060
-10508
-4252
3208
-1872
-5704
-10276
-3420
5792
6848
2388
-6668
228
8504
9952
-2288
-1108
-3268
-3768
-2696
7776
12528
2776
-7304
-2872
10316
2848
2324
-1780
-8044
-744
13080
5204
-5360
-13472
-1972
12832
3148
-2204
2708
-12528
-10232
-4632
11316
8636
-7512
-2184
-4124
-3900
8800
14316
3116
-18860
-19832
2156
18348
14196
-1588
-13360
-11808
8916
15416
-1856
-11248
-320
6736
4948
6308
4704
-2960
-5840
132
8032
7092
-7616
-1656
-3592
-1140
8888
8908
-5400
-10572
-2964
9788
7604
2724
224
-6700
4896
7976
10924
-4564
-12728
-14044
-1564
11488
4276
-5556
-9136
-6896
7408
15004
1216
-5620
-7276
-7424
1084
3172
388
2508
3928
28
-1748
6140
6668
-2792
-3612
-11276
-1496
8600
3984
-7912
-12140
-1640
-2988
1780
3520
-272
-3752
-8032
8184
9568
5420
-3452
-3952
-236
-1156
-2988
760
-7792
-5884
-6496
7284
5996
-6060
2720
9288
3412
1592
1132
-7224
2480
2216
-632
-2096
-7012
-2644
-2244
-5524
-2248
2768
-4104
-6936
4436
8968
5220
2224
2808
4304
8524
5052
2844
1552
2924
-864
-8792
-9360
3380
2676
-2664
-5620
-4024
-5744
-2796
3232
6676
-5748
-5224
-4996
-5028
8912
9060
1416
-8996
-6376
6724
8496
-8000
-5540
1712
-2916
-1892
5972
6316
-4060
-5388
7336
5104
-1084
-7552
2080
280
-2636
-8808
-900
11036
10764
-2236
-14980
-5624
10876
22592
-4228
-17392
-8716
2816
5244
1128
-5180
-8804
-4200
3600
13336
-2100
-4424
-836
-3256
-1288
2880
4388
-8780
-5504
4856
5880
1580
-652
-256
-3556
2688
6520
-3440
-10508
-388
7116
8960
1040
-8332
-7956
8552
17032
556
-12276
-13728
-628
9584
8464
-1068
-2176
3716
6396
2008
-2832
-8648
-6252
852
2476
-2328
-4236
648
7580
476
-6468
-1788
8752
9432
-3748
304
-112
984
656
-2772
588
-6896
-4432
1488
2464
-3920
-3856
584
1828
1184
2380
5428
-1412
-6744
1060
7128
-3300
-6080
-988
-3868
5632
8092
-4784
-5708
9416
17708
-3180
-18964
-2684
22664
19728
3516
-7144
-12068
-10372
8048
15656
-3740
-25016
-18732
-8100
7432
17172
812
-21108
-15192
13104
18320
4216
-9272
-9704
80
10136
13280
1400
-4804
-6564
-740
5232
10368
8808
-5672
-8232
696
13996
4604
-10456
-19660
1056
4196
3588
10384
-1024
-10896
-10056
7064
8120
-3316
-3164
-1156
-9852
-3964
12692
14048
-4836
-13108
-8580
-2384
9896
9408
-2036
-13568
-11164
4280
16212
4700
-4948
-10480
-364
7860
8988
268
-6688
-2860
3492
352
6016
9696
-1488
-5904
-1012
8404
9820
-468
-5548
-3348
6916
4208
5012
-2620
1440
-580
8872
5860
-1200
-9604
-6272
-8
3132
1176
-7024
-9284
-6088
6996
12012
-332
-3988
-3356
-5180
-7468
-7920
1604
10132
9644
-2412
-9156
-7408
4064
5124
2016
-6900
-8540
1120
4388
2252
996
-7488
-3048
-1884
2524
2056
812
-3468
-4488
2312
996
2556
-1344
1040
-4432
600
36
-1808
-1124
1880
-360
-2784
-1468
936
2968
500
12
956
-2676
-3464
9032
-7200
-9572
9656
9688
64
-15288
-9512
-5864
2324
18508
5488
-14368
-3328
13060
13972
4092
568
-8372
-11300
6132
15112
6084
-9636
-10096
484
4784
5560
1160
-4752
-10908
-2520
6356
992
-1648
-1776
-1836
-9128
1160
11684
5352
-7488
-5972
0
196
8468
5088
-4904
-18776
-1708
13100
14256
3496
-4464
-7532
1068
8804
16800
2252
-7904
-11752
-4236
9620
15684
1212
-6784
-11848
-1168
7636
9356
-10200
-13068
-5392
3496
9284
6280
-5512
-13916
-3004
1764
5628
3316
3564
-5132
-5140
1352
3004
392
-10904
-5712
1460
9004
7004
3504
-2676
-6872
-2976
4880
504
-6372
-1504
-124
-96
4172
4076
-2972
-864
9380
5260
-4424
-5568
-8544
3272
9456
9608
-1496
1652
1740
6132
-3440
-5952
-4340
2332
2232
-852
-3620
-896
11308
5908
-1912
-7016
-1752
1908
3756
4516
536
-4612
-2732
4004
-1184
-3140
-7804
1508
-2672
-556
6304
3780
-3492
-5060
10640
5268
-1144
-3724
5852
3936
-4944
-2184
-4576
-2684
32
1224
-9544
-7548
8164
17488
-2920
-19300
-7992
12556
16420
5952
-6040
-24892
-10756
13540
12252
-7460
-13488
-19912
-4540
8548
10508
-4316
-16480
-6272
14372
14116
-432
-4056
-5596
-2428
4184
14488
6380
-7512
-2244
3860
9748
4724
28
-1524
-8580
-4616
11716
6056
-5884
-5444
492
-4984
5788
17084
444
-16220
-12952
-2900
7408
4512
7736
-3384
-11340
-15132
5316
6020
7164
3676
-14772
-18404
-7528
18300
15864
-14244
-16900
-3944
11212
10456
-1072
-11416
16
5308
14224
8720
1812
-5008
-5900
-548
2412
4708
1172
-3860
-3720
4772
1828
3316
984
1312
-2968
3320
5948
3200
-1912
-3276
884
5496
4592
-8052
-10572
-1708
6884
4588
-8752
-6660
1088
12752
9648
2972
-11340
-7332
-1876
7196
1856
-5344
-5516
-92
10112
2384
-2468
-824
2884
1488
-7088
-5596
648
-1040
1164
1340
-2256
-4764
-504
2476
92
4028
1664
1084
1836
-4256
-5512
2588
4320
4872
7060
-4988
-12108
-4544
3664
2180
-5212
-556
2020
-268
4300
4552
-848
-6824
-2800
9236
7772
-3036
-11760
-6060
-3656
3080
-328
-4680
-10068
1292
8636
1388
792
5588
1496
7892
10452
-332
-7704
3100
11528
5068
-15204
-12156
-2664
3532
5280
-2856
-10848
-7620
-584
4620
-316
-5752
-5920
-3804
-5788
2668
9432
1824
-8692
-6724
-1596
352
-144
2924
-5684
-6988
1852
15844
11856
436
-5432
-4432
-2700
12484
10148
5708
-2028
-844
-3288
-3396
8944
25352
-520
-24708
-15540
14140
23000
3832
-9444
-18248
-5984
8180
12544
-5788
-17580
-11240
3080
4908
6964
-2588
-6484
-5240
-4
5684
76
-4636
-1836
-2764
-860
108
7156
-4220
-9344
-2924
3116
-1156
136
-84
-4488
5236
8308
6844
-9880
-9052
11832
15416
920
-11448
-12344
10548
13204
6052
-6248
1176
8104
5784
-4464
-9552
-4292
944
6184
-3176
-6388
-2264
4732
5448
-3116
128
628
-3732
5012
5228
5568
-3868
-5696
-3276
-2144
1460
2016
964
360
788
1720
-580
-5472
1032
1052
1268
1412
3784
1412
-5924
1108
8996
-3292
-19596
-8188
10428
7296
-4924
-6808
-368
-3320
6156
5784
-252
-7788
3872
12668
-504
-4144
-2940
-7456
-5104
356
3256
-12204
-3680
2964
3480
-5136
212
8428
792
1772
-5936
-776
1720
9392
1300
-4536
-244
5360
3004
-3184
5812
3700
-6012
-5120
-2540
4288
-1144
5648
11420
-484
-11432
2616
16804
4092
-5604
-5148
-8592
-11048
7940
14384
-3896
-18956
-9184
9460
9732
9136
-1792
-13428
-13456
-980
11012
5960
-8872
-10116
-3428
5636
14436
8316
-14404
-15896
2684
16800
7028
-2164
-5520
-4672
4160
3448
8440
-4968
-8784
2476
7028
592
-1636
880
-5648
-4144
5464
4704
1244
-872
-1740
2364
3060
6968
2876
-10304
-11356
4684
7848
1880
-16320
-11744
1596
15340
11148
-4808
-12952
-1968
-4
-1308
-5456
2544
1676
1384
1748
2344
796
6100
3028
-2504
-7008
-3452
40
2684
5708
296
-4488
-2604
-432
2632
4268
5644
-2080
-6876
1284
6456
3612
-788
1528
32
-5200
-12040
3132
128
-8504
1408
8116
-3704
-6212
8360
11020
-1444
-12416
-2808
6864
-2276
-920
1760
-7184
-3608
3460
-244
-16404
-5876
10792
11732
-4908
-12276
-3384
14936
10864
7604
3300
-7744
-3268
10784
6208
-6408
-14220
-9776
6848
13680
5888
-14776
-12420
-3352
6484
3364
-80
-2488
-7000
-6368
8340
13360
-4656
-6596
-3656
-44
4192
9172
9988
-10080
-19040
1688
13304
880
8028
6488
1008
-7988
7364
13944
928
-4836
-6492
-4956
-3232
9304
17984
7892
-13448
-7656
3348
10864
4828
-2784
-15580
-12820
12028
15672
-1560
-11760
-6560
3464
8168
7520
360
-6592
-6328
6020
8748
-1372
-3556
-4540
-9232
1104
13520
5752
-8684
-7400
-1364
-1188
572
-3436
-5696
-1912
1224
7020
7008
-4784
-8228
9384
8048
8844
2060
-9224
-11568
-3124
13160
13248
1348
-2480
-7964
-4152
3980
4356
-1192
-7340
-6092
-1284
7284
4960
-316
-10460
-2448
3944
2124
-28
-3032
-3564
5000
3400
-6644
-8516
-3960
4156
4216
-1740
-4352
-4748
-1792
1168
9116
5612
-1904
1680
3368
-3460
-1792
4940
2896
-7916
-2024
4416
472
-4820
-5784
7148
-272
7136
-3572
-14216
-7324
11352
21892
8212
-10164
-16308
-6412
2524
8080
6756
-9800
-21036
-11040
10564
9576
-1728
-6136
-10708
1640
18232
6980
-6584
-4884
6348
10140
7180
2724
-7948
-7100
1864
13604
6240
-6148
-8400
-592
5932
5268
7888
-4256
-17132
-1824
17340
2880
-596
-3580
-7736
-1780
-2304
4756
2380
-5032
-636
3800
-2024
924
7140
4424
-9084
-15048
-1016
4072
860
4060
-3700
-3200
3772
9176
948
-13064
-8292
5332
15112
12400
1196
-6160
-13000
1760
10404
4140
-7000
-3456
1764
2248
60
5892
4388
-2768
1040
-2256
-964
1688
7096
4252
-1732
-284
5324
-2088
-8384
-5480
-2764
5128
7208
-8048
-11380
-7024
9828
14872
7896
-6332
-22892
-7656
4812
9492
6400
-5680
-7768
344
7592
6272
1248
-4948
-888
-5656
1056
4996
2108
-5816
-5368
2504
4736
-920
-6916
2544
7648
192
-6568
612
2764
3876
5876
1936
-2320
-4944
-6680
-1700
-4456
1320
3060
2364
5516
560
6836
2896
-3140
5664
8772
1356
-2256
-8784
-3836
-5292
13572
14756
-10712
-14452
-5940
13200
2888
4660
-4260
-12360
-408
16688
20332
4060
-8492
-10068
1664
13224
10456
-7516
-16020
-6384
3556
6816
-124
-3320
-6032
-9320
2896
9684
2116
-11668
-5100
-748
4088
1864
6608
-9012
-12512
6368
19412
668
-16492
-3400
-1600
3480
8396
12972
144
-8680
-7336
3680
6128
6148
6708
-2976
-16188
-11912
11896
20832
-2828
-8656
-7608
5396
11788
11368
-5172
-18392
-8864
10208
9820
-2612
-9984
-9736
-628
8028
9972
-4808
-11448
-2152
4380
3668
1396
2860
-804
-10892
-4908
4620
9416
1296
-5256
-4304
-4908
2960
572
-6224
-6264
1420
4248
676
2188
-4452
584
15496
9340
-9892
-16312
-3796
9208
14288
-1900
-4656
-252
3076
2176
-6880
-12720
1988
1424
7372
-1040
-7516
2760
5960
8224
-1356
-3432
3040
5016
2588
-456
764
4304
2596
-3584
-4444
-2408
4408
2928
3284
-9708
-5064
-3356
8088
6408
-2316
120
1528
1284
-4572
2672
6268
-5560
-5676
-5604
3404
2576
-764
-2348
-2040
4892
724
-9604
-3516
11388
11620
3500
-2516
-540
-6604
-3772
7952
-1924
-10200
-9080
-8360
-1392
12292
3712
-7492
-12512
2836
14368
2380
-4228
-5536
2496
5040
5448
7124
-380
-856
-1632
9508
6504
-212
-11624
-9540
568
12196
12152
-4620
-17268
-380
7132
6428
6032
-2656
-8352
-12984
3836
6492
3788
-4568
-3464
952
-7760
-9040
5460
12472
-2448
-10600
-8256
-1456
14560
3988
-5440
-7476
-1836
10644
8220
-4472
-6864
-296
14136
12752
-556
-6800
-13196
-268
10344
9832
-1108
-3352
-6144
-3276
3104
5588
-536
-7928
-3908
2652
1604
-408
2296
3696
-2172
7048
4572
-844
-7268
1804
5128
6020
-1052
-12132
-7040
384
11216
12616
2128
-8236
-4576
-172
36
868
1572
4644
1288
-6832
-1324
-672
7680
6468
-4640
-10552
-6840
1700
3976
1224
-7056
-4988
-3836
2180
7136
-1704
-632
1980
1968
5752
-3532
-3892
6800
9816
-6164
-3984
752
6636
-4980
-8120
6204
4048
-10148
-7744
2292
7804
6744
-32
-12344
-11756
6776
16368
2964
-10436
-2160
4860
-356
-5792
-1348
-4908
-3232
11496
9312
-2628
-1188
260
2376
5064
9236
-6900
-10600
3292
5060
432
-1632
-976
1660
-5992
-4496
3392
460
-6500
-3220
-1772
188
-2092
-1092
1068
-3060
1172
7504
-14072
-18728
5972
4624
-260
2092
-2932
-8932
-10660
11336
18852
5688
-11016
-3032
-264
-3992
11164
14076
2412
-12720
-12000
4556
13844
13540
8140
-11740
-17080
2840
17648
6952
-17880
-16892
8104
7060
1312
-2752
-4280
-6572
120
7764
4756
-2480
-8420
-8396
-396
7548
3692
-5796
-11332
-1356
5256
4324
-1144
-1620
-4324
-3692
3920
3960
-4460
-4380
260
1352
5224
1420
1052
-2452
13328
8628
-6288
-12204
-7112
8052
15096
5588
-2008
-6904
2788
6252
-944
-5808
-4464
-968
1648
-1144
-1508
2204
6116
6684
44
-8240
1428
7276
3500
-1732
-1372
2708
-7288
-4176
6740
-5832
-7300
2844
5272
-2704
-6456
676
6648
1344
2228
1848
-1200
-5300
2408
6980
-740
-2600
-4176
-11412
772
6720
7292
-3700
-3076
6400
2148
-12044
404
14592
12504
-1716
-5232
272
-3272
24
2924
-9556
-7252
-4900
-7244
-2596
8832
8048
-7548
-10756
-1984
11572
1276
100
3736
-3792
-2276
6492
9652
6856
-6604
-2492
1400
4820
4780
4248
-4380
-10784
5112
11564
212
-9264
7132
-1548
-5156
7232
11732
-11252
-8700
-5168
4956
5316
4032
5376
-11140
-19156
2680
18020
13116
-5544
-20888
-17428
-3052
16216
14676
-5236
-18336
-5088
8864
12884
104
-6288
-3372
-1956
13372
6548
-5084
-9240
-3636
396
8924
1432
-832
-11400
-4460
11104
10432
788
-5656
-7668
1368
6000
5528
-1336
-1596
-740
1264
4720
344
-10624
-4756
-4880
3460
4872
-4472
-11928
-9328
6212
14484
3240
-10716
-10956
-2728
1216
1716
-3320
-1952
4728
9772
792
-7276
-6116
2404
9512
-6912
-13488
-376
7216
8584
4512
-5484
-5352
-2452
3348
9720
756
-5196
-5140
1008
3044
3772
6364
716
-3384
-5428
-5316
-7024
-2552
6420
7604
-1092
-5040
4208
9648
2224
-1612
804
-2448
-5612
3316
10400
-6736
-1800
3944
1812
-11448
-11300
-4472
296
2644
996
-1936
-7432
1912
13392
5816
1992
-1768
-6340
-5484
14876
9840
-9148
-10368
-232
4448
1652
-2380
-6824
-5616
-3084
2944
2452
-544
-2344
564
-1132
-4740
6540
4944
-10256
-9164
-3388
10240
7788
3152
-7864
-9316
-5816
15692
14468
7672
-3336
-2584
-2396
1300
7704
13212
-4804
-12724
-7944
2400
14256
22268
3976
-11560
-16460
2772
14936
2416
-8200
-8296
-3852
4344
7044
6804
-10016
-9764
-212
7336
800
-476
-2580
-6500
-6588
10956
6380
-6372
-12156
-4876
5808
13288
14296
-5924
-9376
-4284
8564
6284
1632
-6684
-4680
5216
10112
6796
-7256
-7316
11572
11216
-2740
-14684
-15004
2528
10948
4908
-1208
-164
9092
3668
-3856
-3888
-4456
-56
792
2368
-5356
280
7084
12796
-3468
-9452
-4588
4704
8820
8984
2880
-1432
-2616
3152
2400
1596
-2024
-880
-796
-6960
-2792
-392
-2664
4708
11832
-4504
-8256
2784
5132
3764
-2856
116
-3600
-9200
-1536
9916
2024
-6836
-4204
8380
8452
1832
-12712
-12656
7192
28404
19792
-12860
-28256
-9864
14148
15160
884
-18448
-24992
-12008
15016
14004
-5656
-19200
