16000
16224
-6456
-7872
5852
3676
340
-11616
-4596
-5380
4204
656
-6940
-1844
1060
9884
-1868
1444
3940
2068
3588
-6864
-1116
-1888
-6604
7636
4524
6872
-3172
-4880
-912
-5732
3044
5912
-60
-2820
-4164
-3404
-4840
-5060
2888
-480
-4004
-9036
-13580
-1764
13484
15796
336
-14428
-10056
2208
14512
20536
3124
-25732
-29288
1200
26236
16544
-6564
-18988
-14820
4896
7256
6456
-4328
-11996
-11060
7284
10864
5320
-2872
-5624
3772
3508
2588
-11800
2352
-2944
3024
1528
2604
6428
-3916
-12616
-14436
4692
11232
2016
-448
-7632
356
3304
3040
6996
4576
4440
-5044
-12616
-7896
-1124
6740
7172
-10144
-17548
-2664
12292
8196
-12176
-15260
5128
18876
13656
-11428
-16436
-9772
2196
10428
1236
-1940
-13796
-13072
3536
2296
5308
-8348
-4548
-2828
8720
2960
-2864
-4280
-7356
4196
3032
4108
-4608
-5580
-2192
-96
112
-1700
396
-3664
-1164
-1204
2440
9576
-796
-5020
-4040
8464
9912
-6600
-8804
1604
7132
3164
-8804
-2740
-576
304
-10136
3720
-3396
-8256
-4964
-3800
10232
3236
-8684
1656
-1916
6824
5584
-4712
-6224
-7640
3320
-5504
-2404
1716
-3640
5292
-10264
-1892
1528
-3480
1236
-3652
-2728
-1940
-1580
-60
-128
-1164
-3684
-824
6788
9816
1276
-8276
-1272
5680
9776
9060
-2192
-14292
-10264
6708
9536
5764
-9368
-10040
-14508
848
14508
21652
1312
-22380
-16600
2096
21932
13016
-6748
-14012
-6696
7860
5508
4860
-4680
-1992
-3924
2152
2564
-3708
-5932
2332
5832
5908
-52
-8724
-784
-2456
2980
6676
8140
9500
-4532
-8440
-3944
5044
6640
-9076
-6388
-3940
-3572
-4072
-2020
6224
-508
10908
-1300
-4764
-1564
5152
15032
-2464
-7624
-7888
6832
18136
908
-15256
-15900
-808
11556
16512
6516
-4596
-9456
-1420
4620
9208
2668
-6544
-1732
-1536
7688
-2256
-2028
352
2108
2920
-2032
712
-2832
-1900
4192
1412
5968
-408
3320
-6540
-1276
6280
10408
4128
-7168
-11136
-4960
10288
5728
-8316
-22212
4160
15656
2728
-10564
-12684
5340
13328
3036
-2820
-6692
1920
920
14716
2912
-6160
-6508
-8240
6884
7440
10052
-10788
-7352
7476
17300
1252
-9236
-6088
-5896
8008
3728
8240
6988
-3016
4628
-924
3380
-5488
-2564
-2124
-948
2760
916
-2872
2084
1768
3696
-5452
-3396
-840
1500
-664
-6928
-6396
-808
7028
13148
-4256
-12312
-4448
1408
6412
17500
5652
-8048
-21192
-10388
11212
22548
5800
-18572
-21480
-6412
11644
14740
1384
-14272
-16872
-676
10644
9448
3572
-8692
-4292
3360
704
5568
-6720
-1444
2412
-912
-3704
7496
-6216
-1048
-16904
-3124
8136
2068
-1696
-11680
8272
7796
2432
1844
-1440
4892
-3936
700
-4580
-15760
-10496
1216
9740
4640
2176
-5404
-6304
-8964
-7208
14044
24528
-3660
-18632
-8856
7264
9368
4964
-13876
-10024
-3792
10496
7084
-4776
-10160
-9368
-896
10616
8296
-3888
-17980
-5492
5372
10352
5252
-6184
-7944
-9688
3020
6776
4036
-2156
-5960
-3332
-4880
1336
7752
252
2444
-6488
-10864
3580
15132
11156
-14464
-9448
5908
10860
1000
-11372
380
2456
3204
572
-2496
-2172
-11320
2688
-512
7704
4740
-4440
-7400
-5476
8040
976
-7048
-7560
-4544
-1592
2596
-452
-3684
-1152
-7308
-4704
-2256
-1452
1008
-6028
-792
1584
2408
6312
-4052
-816
-3632
-2076
3896
6816
2284
-8940
-4424
4468
9636
7768
4256
-7792
-19444
-11364
14992
16992
-3920
-15956
-18440
-6236
16196
22632
1892
-16264
-20744
1000
22652
13608
-4144
-15616
-5616
9192
16512
9116
-4696
-6216
-8456
64
5504
-2356
344
-5688
4644
492
7732
-4216
-3104
-40
-10456
3636
7440
1464
7280
-5140
-3708
368
-4960
1764
-5828
-820
-5484
-8304
2432
3624
8452
-484
3608
5052
-1432
-4408
632
6368
-576
-3964
4056
5132
2996
-8920
-8128
-2060
3712
4508
-384
-4272
364
3848
540
2908
1940
-3216
3240
3336
7016
-7648
-2328
2224
6772
7756
0
-2660
-4256
28
3304
7220
3404
-3220
-3672
-8892
1076
10136
4368
-3420
-6144
-5844
120
6664
3508
-6780
-16504
344
13032
5504
-8280
-11596
4748
14344
6064
-508
-11080
-3636
4400
11792
432
-4312
-6720
-5708
10328
6648
8704
-10780
-10984
144
8000
19020
-7312
-2880
-2664
3884
7376
1656
-5700
4420
-2540
3376
-2660
-3828
3008
-392
4924
-972
-4404
-2016
-1732
4412
-452
-8788
-3428
-4544
5576
3060
-8860
-10712
-8148
156
11556
11784
-9392
-8832
1404
316
1604
15136
10740
-19036
-16288
1808
15520
9148
-9476
-14392
-8360
8192
10328
8288
-7704
-11768
-9904
6740
12008
6532
-11636
-7788
4476
4296
5024
-9932
-4940
-7932
8044
2232
3960
7476
-7260
-12308
-16452
6348
6788
4512
-472
4336
-384
-5440
708
2296
13060
3160
-6656
-7460
-12700
3548
13580
9904
-3248
-17804
-2964
3796
8040
-4944
-4616
9212
8056
232
-10668
-3500
40
5404
304
-2252
2876
-2008
-6076
-760
-2880
1008
-168
-756
-1432
-1496
-596
2936
4152
4664
-9368
-5600
-1092
6376
3008
-7412
-5912
-3120
6336
4140
-556
-4896
-1408
7924
5644
2452
-8412
-3688
12252
9380
-10040
-7132
13352
15608
-508
-11128
-988
-2088
4828
3404
-56
-2072
-10564
5872
6872
6228
-7112
-12380
-3004
6368
11424
-10344
-9656
-7084
5656
9204
-11460
-5852
-6356
592
3088
-3004
1108
-7220
-6216
-2532
660
1612
-1456
4324
0
-2108
-7684
-3684
6668
9004
-488
-4480
-6732
2696
10548
12208
956
-6828
-16548
-9416
15788
15372
5220
-3044
-10188
-18480
-3508
19424
22708
5692
-18916
-14676
10580
21892
11780
-12008
-13916
-4092
10596
16500
8128
-4768
-10316
-440
6740
10888
-6408
-13284
-12044
4456
8784
2852
-892
-9256
7932
-4784
5324
6688
4200
8216
-9924
-4172
-1104
-1160
1940
2888
1636
-7740
-12388
-2444
10868
10060
9636
-5028
-13848
336
7792
16004
5024
-14084
-4276
6768
14108
-1520
-15144
-9644
4720
11588
5584
-6692
-4024
4132
8032
8424
3628
-1992
-1972
1076
1904
5340
-1500
-4428
-476
2176
5564
148
1716
-856
3248
-1792
3396
3452
8628
-5364
-4196
-1184
6260
8420
2324
-1744
-11872
-4176
16500
7212
-12256
-17224
7664
18840
1012
-16536
-11788
6248
13248
900
1056
-9820
160
9172
11196
9308
-7084
-6852
-11572
7164
6564
1520
-3408
-12972
9644
10768
-2928
-8252
-8408
4500
-1340
8112
8632
-1016
-3004
-9352
4172
3972
6044
-4816
-6228
-2492
5580
5100
-1112
5468
-2948
-2608
-7512
2548
100
-2984
-3236
-7028
-9052
-6404
13756
19616
3276
-10704
-14788
-2076
11672
22700
12048
-13808
-27220
-15304
15188
23956
9756
-17192
-24712
-3560
13944
3908
-7776
-15216
-8692
1108
11120
10172
-3216
-9860
-2216
10616
8016
-464
-6656
-4848
6352
1332
3264
4548
-7984
-1788
-13792
-1020
4612
408
5112
-6620
2572
1576
3924
8232
3268
5248
-2704
-16264
-7616
1688
11072
7892
-6916
-11360
-7304
3676
2324
-2612
-11988
1304
17624
8140
-2036
-15016
-6920
-2516
2516
5688
-4664
-8696
-1208
1568
3520
-4068
-9752
-7388
1112
5240
1356
-5156
-3540
1444
4676
3044
-4632
-5564
-4948
-4924
-2772
2580
3712
692
884
-4196
-6800
8064
8868
5344
-9360
-7256
7772
14720
-172
-18336
248
15444
8676
-6984
-12680
-912
-716
10480
1116
-7816
-13972
-360
268
7056
728
-9444
-5864
-5272
10672
4892
-4500
-7440
-1772
11636
-1284
-5200
-16556
-4624
9872
316
1424
-5736
-2708
-4872
-412
5728
-1340
5124
-996
-3344
-4188
-744
3704
7792
4648
-1704
-3000
296
5176
11144
8760
1420
-11480
-18432
-2280
12388
13628
-3380
-14880
-18504
-7556
14140
23784
9056
-15192
-19636
-8220
13296
18152
4176
-12244
-14164
3172
13088
12016
-1508
-9696
-5100
-3032
3820
1880
1560
-6348
2136
4404
3056
-3260
-10176
140
-6704
6068
6408
4628
9192
-8652
304
-656
-1384
1188
-8240
2044
-8260
-4208
456
-1036
11396
5076
6608
-852
208
-2648
6736
2248
-5684
-1300
5764
9884
-3240
-6304
-1752
2040
4812
2380
4744
-1220
3104
1068
832
-8
-4828
3608
3984
4884
1172
-3596
-620
1984
8696
6300
-1444
-880
-2208
2724
4476
6992
4232
-5316
948
-2700
-308
6712
3572
4564
-2040
-4504
-1108
4960
11728
-6584
-16944
-4576
13028
13244
-14020
-11340
-5816
9784
13148
748
-5940
-15144
3532
14128
15700
6176
-6040
-9136
5484
9168
12224
-1724
-6040
4548
6648
4460
-3044
-5392
2548
364
7684
3852
1704
-3380
156
3800
-276
3256
1260
-4136
-1984
-2252
6552
4956
-576
-360
-1316
2392
1956
-436
-584
-4520
-8844
-9252
-4092
12400
17032
6612
-10360
-15332
1764
7728
18196
13900
-11904
-21732
-11424
12376
17532
6164
-13020
-27052
-9832
9072
10140
644
-16900
-15340
-776
16904
14332
-92
-12452
-5724
11652
1252
2492
-10788
-3004
4648
448
8176
-2404
-2192
-10804
-8092
-1164
1252
5212
-7788
368
5028
4492
2148
-1536
7704
3244
2560
-3140
-9676
-4124
-10236
868
1812
456
3204
-4708
-7668
-7484
1336
7116
18684
-2904
-17872
-10564
-1008
8492
5212
-2640
-7056
-5600
-2004
5488
4916
-7336
-8708
-8880
5716
10940
496
-8268
-8540
-1484
6656
4280
-2940
-8672
-1804
2612
2532
1748
3924
-1100
-6576
-820
-1848
2580
6172
1944
-8176
-7492
6572
15792
7264
-13420
-8552
6548
18384
-464
-12160
-11540
-3080
12164
7068
-2800
-7296
-12788
292
1080
10276
2580
-5352
-3296
2948
8296
3764
-9172
-2320
-7716
3316
-2344
-7304
2288
-3120
32
1368
1760
172
-11564
-1860
-2276
3936
-4408
1144
2816
220
540
-672
-1040
5228
504
-4488
784
280
9404
6592
6972
-7848
-14172
-5348
14368
15156
4160
-9036
-18308
-11300
10268
26152
15456
-10936
-23052
-10112
11564
21740
1116
-13280
-8840
3384
13344
12932
3348
-10612
-9792
2040
4172
1784
-9288
1680
3224
11256
-2096
152
-13136
-120
-6332
5336
11632
12344
8128
-8616
-3664
-1600
1688
1988
-3660
-844
-9500
-6644
-1592
-924
9020
-40
3416
7952
-7828
-4676
4704
6852
3900
-1872
-4360
-2236
6484
-3676
-8420
1180
2476
6924
1676
380
3820
3840
1816
-256
696
4860
-1888
5160
940
2164
-684
-5156
860
-1100
7536
164
-4020
-2116
192
2852
-1324
4612
-2920
1352
-3700
7020
4248
6504
-1840
-3976
-3460
-1800
9564
1400
-6416
-3748
8016
11796
-7920
-14112
-7116
5692
8212
-892
-4816
-5880
8272
4716
16060
1272
-6892
-12544
-3220
16096
6008
3972
-10140
-6852
9636
9944
4472
-7868
-3400
-1096
6068
-896
-1096
3148
-2996
2708
2160
5464
-1636
-4756
2208
596
5316
7064
2976
1316
-4604
-2320
-3044
-3104
-3488
776
-1352
-6556
-4780
-3156
12492
14048
-2896
-8524
-9340
-900
15740
24552
768
-29508
-25772
1860
28432
16540
-7428
-26948
-11912
11108
15884
128
-10520
-16252
-6116
3568
12028
5956
172
-3444
-1852
3236
-2492
3912
-9244
-1088
3816
5680
3988
7652
-10204
-10620
-9628
1508
10676
-3856
-4300
168
6404
8152
-3712
2520
-28
10276
688
-12936
-9328
-4516
8816
5944
-2328
-11100
-4260
9736
-648
-10116
-6976
4044
15484
9740
-3524
-10720
2460
4932
4296
-980
596
-5764
856
-1900
-1872
-1028
-3424
-5252
-912
4184
-3868
-7784
-6712
-2700
5272
104
-6844
-2356
-328
912
-444
2296
1156
-4512
1384
-4540
1512
6100
3272
-3888
-4136
-3580
10836
9528
-9240
-9728
5768
13332
-1028
-4020
-7944
7784
936
2228
2400
-6228
-1508
-11656
-3844
-192
4816
-860
-8548
-1340
-3636
-1368
-7564
-12556
-236
420
-3812
-5100
-1616
-872
-596
-10956
-360
-3964
-4344
4420
-5596
-704
-1136
724
5996
-6360
-8104
-3964
836
10356
3860
388
-516
-804
9324
10108
10152
-584
-15852
-14668
5048
14876
9956
-11384
-16864
-14664
3536
18948
12520
-8140
-18756
-7912
13460
22844
6100
-15288
-17220
2764
15656
13576
2076
-10508
-11128
-1196
3176
4396
-3744
-2436
-6040
5160
4400
1192
-468
-8356
2232
-9684
4904
-3416
6200
8608
272
-5112
5464
-3604
-260
-6044
5216
2164
-11656
-6248
-4340
12668
20188
2824
-7424
-7792
10836
20308
3944
-12992
-12628
4296
16916
5316
-17444
-19000
2556
13364
16576
3476
-4264
-13780
-1960
8796
2344
-6872
-4672
1084
3600
7592
-1208
-5940
-104
4416
5052
-364
-6224
-7004
4
6892
5564
1484
-1700
-3452
212
1704
3892
-2864
-1632
1140
-2368
-2124
2404
11240
-2036
-11452
-2208
18480
4416
-7728
-7724
1836
11460
-3176
1892
-3304
-620
-1632
9676
7788
-152
-1892
-6496
9260
5768
4340
688
-10524
5328
2076
-1436
-6388
-2692
5852
-1564
-340
4624
4548
-388
-3260
3208
844
2504
-6776
1896
6428
4404
2088
-2800
-4272
-3172
1920
-52
-8456
-7004
-1940
2216
-6100
-5952
-6260
8668
12132
2388
-14660
-11836
-204
15676
22304
7104
-16644
-25388
-6776
23936
20100
-5344
-29452
-17312
9704
17452
5688
-12740
-18900
-9368
10456
9668
5644
-572
-4540
-7248
8348
2456
3048
-7040
-2848
-1804
-3788
5012
-3796
4300
-8248
-5432
-3752
-3260
6068
-524
2616
-2728
4812
1940
2004
6648
4012
4368
-7552
-8752
-11024
4800
14776
5172
-11896
-14168
100
1540
984
-212
1860
12044
5408
936
-5668
-6708
-1964
-4432
7164
2108
-2880
-2420
-3092
-376
1216
-3416
1348
-2356
-1184
1532
-1092
3492
-4732
-2304
-2216
-112
-3872
2480
1680
332
-2544
2996
1884
168
-1144
-6824
-1300
-1816
9228
-4172
-7736
9092
12656
1072
-13980
-2872
11188
8496
-6684
-9948
4984
7148
640
-1696
-11644
-3184
-9232
1388
1052
-5064
-572
-7896
-3312
-4020
-1284
880
-10340
3396
3148
13524
2068
-2240
-1292
-8220
-3188
-1132
508
-480
-8836
1000
132
4484
-3520
3784
-4048
-3432
2916
728
2172
1200
1192
1096
4852
6440
8868
4680
-364
-13464
-16952
-1884
13868
12752
628
-8704
-14484
-5040
10408
18176
3344
-16960
-15788
2232
21156
18116
1396
-12620
-4984
5216
15684
8552
-352
-11992
-4728
8484
5184
1060
-9524
1224
4128
4492
7224
-6364
144
-3536
220
-2672
908
9452
116
-1072
-896
1760
4444
-7604
-5296
-3448
1528
388
280
-5560
1612
4640
11748
8496
-7876
-11592
732
12944
6636
1968
-136
308
540
-6536
2764
7144
-872
-3828
-1520
2716
9976
100
-668
-5524
944
3752
1512
776
-1932
2288
64
3572
6356
-492
-6628
3824
1852
1480
2724
1084
3060
-332
-1096
-200
548
7196
-2136
1080
-276
5504
228
-856
-1084
-1648
-3180
104
10424
5792
-11808
-10940
-4088
13232
3724
-5992
-5164
-4696
6688
11148
9544
7156
-5208
736
2972
9400
4628
1008
-64
-592
11516
10624
-3504
-5972
-8036
9708
980
3640
5548
-2648
4288
-3492
3292
-1468
-2008
1588
664
3872
-3460
4412
-1140
3468
-2756
-5608
-9956
-4484
5992
4916
-6748
-7932
-11372
3448
16532
12220
-5952
-12496
-12168
2976
15276
25044
2716
-27752
-21260
5728
26420
13708
-10660
-22932
-8908
12644
14304
1596
-10396
-14028
3144
18772
9676
-5860
-13220
160
9932
724
4396
-7756
764
-7000
-2108
-364
1056
6560
-4344
-6240
-16584
1840
11116
868
-4408
-3968
6832
3668
-1328
8076
2516
5356
-3496
-8348
-9636
-9240
2292
14868
8
-10128
-16272
-9956
832
760
12012
10840
-512
-12564
-10860
1088
8352
4412
-10808
-8336
-3524
916
5404
-2720
-6676
-3484
-1896
2268
3952
644
-5856
-4236
488
1024
632
-2836
-2712
4256
1940
-540
-3084
-2460
4636
-236
-3824
-2928
-7192
5840
8556
7388
-3740
-2432
17884
5860
-8028
-9228
9736
16504
-80
-2996
-9304
1532
-5272
2100
-1604
-6376
-5576
-13420
80
1256
1292
-2044
-15320
-3128
-3040
112
-8860
-8664
4480
84
1476
-8280
-1828
1264
-10232
144
1408
5124
3940
-7784
-452
-936
2184
2536
-2756
-16
-320
2228
5344
4572
3528
2984
-5048
-1472
10932
11680
6776
-4984
-14844
-12820
7156
16576
9964
-11228
-17108
-12656
848
23292
19020
-464
-13944
-13564
6828
18628
7080
-8696
-12488
-3160
7316
10824
5920
-7136
-10272
136
10008
7908
-7768
-2116
-6840
6624
11184
2080
-5468
-5320
2256
-6808
2108
2328
12028
10688
-7732
-104
-2408
1212
1140
-1560
2464
-9016
-8920
-3300
1548
9680
8236
6132
-9068
-17232
3172
12180
11324
-3684
-13532
-2736
7772
4664
-5468
-7328
-6904
-616
8732
7868
48
-1424
-5284
1380
13536
5508
-536
-9208
-2944
5624
10272
-172
-2488
-2472
-668
4752
1704
3176
-1276
2556
2392
6384
-2292
-5544
-1864
6208
4548
-1848
-2364
-5052
-1416
2992
6996
7904
-12720
-9960
-372
13600
3996
-13392
-6592
2652
13976
1744
-864
-3212
-3176
8164
5520
5356
-4552
-2304
3908
4784
3296
-436
-4556
-1784
14036
9404
-3664
-9744
-1492
14804
5632
4468
-2140
4488
-1728
-6492
4704
1164
3140
-4864
-2804
2012
-2148
5976
-548
-1916
-1796
-1084
-1280
-3096
-5328
-1336
-3736
-328
-2984
-9052
4340
19312
8716
-4028
-14852
-5904
7692
20256
15656
-7248
-27500
-14044
14972
23628
5504
-19296
-21816
-3008
16344
14972
-5572
-16352
-14308
-112
10556
6272
-5628
-8836
1000
3884
5916
1432
-10800
568
-996
10500
1216
160
1700
-6096
-6952
-9892
1440
8032
2012
2968
-6188
1952
3704
3212
6968
-1704
-3088
-6732
-6780
-3040
2620
7496
1812
-14464
-6224
1432
4616
-4520
-9596
3672
13708
7280
-10868
-9572
-10472
-3008
2668
2180
-172
-5016
-6272
-1204
6152
13404
-4700
-12780
-9332
5188
13140
140
-8456
-10680
-1796
7704
2260
-1616
-7628
-3680
1452
6336
9068
1092
-6040
-4352
-4616
3440
5708
3552
-5024
-7080
2600
15540
2216
-11396
-7432
9772
8100
-424
-1672
-3508
216
-4880
8284
3744
-4592
-14852
-10988
5428
3904
5248
-12276
-16084
2156
-1964
4328
-6368
-5692
-2368
7040
-9628
-1800
-6940
-2520
5444
-2088
2304
-11012
-820
-4644
-1264
8336
4404
720
-6884
-6916
1728
6024
2304
4380
-4088
-1484
972
8584
10748
2768
-456
-5596
-13732
-8904
12552
10512
644
-5956
-13732
-7188
2660
23032
16024
-4928
-12752
-7340
11980
14484
5504
-9596
-5688
2708
10492
9340
516
-4848
-8228
-5296
5208
-908
-3668
-6184
7116
3024
5312
-4068
-7196
-7088
3828
-3680
2224
8864
6940
6520
-10848
-1536
-4012
-3920
1056
-648
3172
-10872
-3504
1828
5904
13052
3076
-116
-9304
-3700
10308
11856
4684
-11404
-11796
3152
6812
7380
-10636
-7388
4772
10276
7552
6556
-3864
-4816
4552
4080
13632
1308
-3956
-4240
5568
10008
2368
-3648
-5840
5744
3988
1520
-1220
-5364
1616
4692
4116
3492
-228
-5900
-8428
5276
7112
10552
1812
-9688
-1412
6492
9584
-1228
-21848
-7380
15608
15560
-3376
-19944
-5164
8420
10668
3260
-7948
-7100
-12344
6700
8508
12348
1984
-8028
-116
3848
12668
-644
-4476
-1376
-900
10176
-5428
-2584
-1372
4452
-284
3744
3380
-148
6292
-7268
-1392
-1260
2652
5560
-9000
-2180
340
7804
7076
-2492
-7548
-10148
-1064
5276
-2716
1888
-7044
-7584
-3940
1356
19700
16016
-3548
-14284
-16592
-2692
24088
22632
-2648
-29468
-19148
6052
28008
10628
-14480
-22792
-10592
9572
12980
1720
-16660
-16468
-4220
11884
15412
-3896
-11716
-10260
9968
14012
592
-5060
-7956
4448
2680
6832
-124
-2884
-2356
-7812
-2200
3896
5228
-5336
2700
2488
2628
-1772
-2068
13716
6284
-2460
-9552
-15684
-4256
-5356
7944
4940
-4912
-6804
-6660
-2908
-4336
-6588
3252
9904
8548
-10448
-15312
-9052
11292
16372
-1696
-13324
-5268
1388
4676
112
2656
-2060
-8904
40
5912
7280
1140
-1432
-3832
-4472
-1196
-3100
3988
1852
-124
-5264
-1288
3856
1484
344
-492
1272
-3004
-420
4452
-7640
-9112
-6052
13540
2100
-7036
-13760
10236
15636
364
-8868
-4768
980
-5156
5564
-1896
-1520
-1296
-7508
5984
3944
8804
-2248
-10252
-1064
3160
5916
-12060
-13508
-3676
3416
9664
-4856
3672
732
4444
-1536
-2384
-11520
-4640
1140
-704
2504
1888
1352
364
-2516
-4040
-7884
676
11952
7956
-1124
-1228
2988
9820
8360
5968
-7812
-17200
-11968
10952
16144
4620
-8792
-14852
-8044
660
20748
10596
-8724
-15288
-6832
12984
16168
884
-11172
-11140
2252
11900
9928
-228
-7024
-6128
-356
6644
-1208
5284
-6552
1316
-180
2464
5556
-2640
556
-4332
1536
3164
6616
8716
-3456
2652
-7880
2180
-4076
3352
272
-188
-4736
-5140
-2460
5636
9824
8788
3784
1832
-3444
-2684
7484
7172
1920
-4176
2632
-3920
1160
-6932
4160
11944
1724
2944
-3724
652
3448
1772
2036
-3164
164
2336
3536
-2936
6444
-2148
3060
3228
1048
1264
-5436
568
-160
8540
8912
-3680
-3132
32
4072
1208
3604
-1576
-6344
5384
596
-3144
-5340
8504
8544
-10356
-8108
4360
16556
-3732
-15404
1696
9748
2248
-1844
-4608
-2468
1216
4012
3692
-4388
-1324
-7728
4604
-1492
4552
1440
-9648
-2512
-704
15184
1564
-7128
-7248
-1940
14976
1476
7368
-604
-400
3880
-1388
6036
2992
3820
-5388
-660
-100
5856
1520
-2820
-5016
-2988
-6480
-6196
1152
1600
-308
-5728
-6980
-12232
6736
22092
5652
-11056
-11752
-3568
8216
23524
14604
-14484
-29404
-11572
20192
19796
2000
-24240
-9684
9928
12372
2248
-16940
-15908
-6368
8772
7880
2376
-7632
-7496
1044
4940
3444
5948
-6948
-1824
-1632
6612
784
4520
-3676
-12792
-4348
-7928
7928
3708
-1992
80
-5020
6580
3144
1244
7240
796
-2972
-5652
-14724
-6056
-1624
9128
4040
-8676
-14124
-5168
868
-548
-3272
8592
5856
-1356
-5716
-4432
1956
6312
-440
-2720
500
-4144
-3360
-180
988
1932
-6640
-760
-556
652
-1992
20
-352
-3096
-1168
-288
128
-3892
-2616
-1620
4724
3624
756
-7060
-9096
1612
6852
1060
604
-5516
-4144
-5944
8284
17096
-3940
-12188
-8412
11072
6724
4080
-2876
-4180
-1124
672
-972
-4020
168
-8964
1340
32
8420
-3252
-2436
2672
-1276
7084
-10076
-6092
-632
3672
1656
-8168
1660
1688
-204
-776
-4100
1392
-52
-4676
-3184
-3256
6540
1196
776
-4352
-4056
-3084
7184
7832
3956
-1508
-1900
1008
4032
1844
6960
2028
-9312
-11984
1996
14144
8308
-4436
-12156
-11768
-8468
14952
21316
9452
-13796
-22720
-3944
21444
19704
-700
-8820
-10388
6356
17288
3748
-9148
-10444
-2064
7048
1860
856
-6376
880
2364
7740
6016
-2500
-1404
-12148
1388
-2716
6768
10604
3280
5044
-6884
1388
-1796
120
332
-3524
2456
-8996
-6252
2324
7508
7852
328
-7036
-9468
14496
15572
-1980
-17568
-9656
15900
15572
-1348
-23028
-14144
2728
14788
15004
2224
-5768
-11724
4792
11836
8172
-2792
-7296
-9612
4044
10436
2544
-8712
-4716
-476
2812
5576
-2196
-84
-1368
40
7044
3664
4092
-8620
-7432
292
10068
6208
-1052
-5272
-5256
92
9132
6736
-13940
-20624
-3392
21352
11996
-6320
-21916
-2900
6180
11164
4592
-5044
1180
-1560
13644
2792
-6536
-9032
4448
2160
10880
-1344
-6464
-1400
-3328
11056
-1648
-908
-3744
876
9680
-2860
2760
2432
4060
2236
-9312
3204
3344
9432
3588
-3272
-5956
-5504
2868
6960
-124
-4732
-4360
1996
-1728
2316
-1688
-6556
-6088
-8560
4612
10064
11872
-4060
-7924
-6696
5956
21904
17844
-10364
-28228
-16688
13404
21352
6244
-15520
-17980
-1620
15060
14796
-4688
-18084
-15020
1632
19204
7520
-10408
-12072
1456
7216
13188
-6092
-5900
-6088
4876
7448
1744
1448
-5564
-1940
-12368
2384
5980
-372
3000
-4244
7668
5140
-364
1196
1184
11764
-612
-10828
-8684
-10380
4040
4184
5428
-13412
-6816
7776
6620
-8876
-20148
-4648
21096
21632
-3544
-19184
-13764
-4232
9756
4988
-3672
-12576
-7108
-2744
6016
4772
-7316
-9236
-2184
4776
7384
140
-8208
-5320
688
1576
2240
-1416
-2816
-9612
-2320
7364
8716
460
-8496
-2452
-304
6668
6360
-2708
-10616
-11272
10012
23472
4544
-16432
-14696
11024
13324
-668
-4044
-9688
6024
-956
7932
-380
-6888
-11800
-11052
9276
7372
-3636
-6460
-11036
6864
6340
560
-5520
-16424
5360
5188
8832
-180
-6176
-372
-924
-1252
-1280
-2212
464
-4044
5472
-8944
-6432
-2492
-2888
-1812
336
-1348
2700
5960
3464
-2456
-1520
1284
9240
10056
5580
-13448
-23920
-9908
17576
20916
1988
-18032
-19512
-7184
11500
22460
4020
-14092
-13104
-496
18644
15296
-356
-12836
-9748
5648
12456
9748
1952
-2740
-10820
-1672
7348
720
3896
-2132
2116
1244
6532
-6816
2944
-8760
-704
2208
4164
13332
8
5912
-3856
3988
3760
-8300
-4184
-2660
3604
-6012
-12156
1732
7600
11220
-1020
-2564
696
-3428
8120
10428
3520
-11380
-3012
8684
9064
-2144
-15424
-6332
-368
13184
8212
1444
-6448
-8400
4044
10176
7076
-576
-5792
-4336
5056
10992
-768
-2796
-4416
5840
876
524
-3080
-464
2540
-1656
2236
4836
-1604
-4612
-2104
4012
6428
720
-6816
-5112
296
12320
7376
-4792
-10928
-5420
13600
5952
-9624
-14520
2868
10660
4228
756
-11028
-1432
2296
8428
3660
456
-1232
-7904
7016
10168
9348
-684
-17328
-5296
12504
8032
-3856
-6756
-7484
7620
796
1976
-288
-4240
7312
-1788
7056
-1796
-108
2408
-440
292
-6436
-3448
5620
3776
-48
-3460
-7408
-376
1036
2044
-2596
-8060
-8836
-3012
16692
15092
-5800
-9464
-14540
568
15260
25336
800
-23228
-27840
1320
28388
17428
-8356
-30064
-11896
17948
18288
5900
-12476
-19680
-2348
14048
8412
2164
-2020
-860
2180
264
6260
-4148
160
-4520
5484
-396
2272
-1524
1184
-14232
-8012
-2268
260
4720
-4128
2676
696
3876
6788
-3168
6004
-4640
2476
-2288
-8744
-8644
-13472
2296
10196
9052
-5264
-11152
-12536
-4140
7416
22176
8796
-16924
-9868
-1044
8216
4836
-9356
-9864
-3332
7540
9068
1624
-7100
-4752
-4112
1652
-1816
3480
-6864
-3460
-6056
-4284
5212
-848
108
-6496
224
-100
3820
2068
-1176
-2952
-8200
724
2008
6256
8980
-6424
-9468
-876
13068
15692
-10120
-13084
6284
12800
9012
-7952
-5016
-1960
10136
1396
-5624
432
-10068
1260
-1612
7612
4732
244
308
-3708
9468
-4380
-5172
-8156
-6956
3680
-3072
-3092
2268
6612
-7644
488
-2664
-5608
1784
-3484
2512
-4488
2636
-4668
-2152
-500
1428
1652
2780
792
5444
1780
3148
1736
5748
9068
4508
-1896
-9860
-14384
856
17244
7072
-8720
-15044
-11668
1452
13072
18012
1380
-14968
-12544
5708
15692
6284
-5084
-11180
2720
6104
13964
-1152
-3992
-3648
-5520
1184
2400
1900
-7556
684
-240
13444
792
-6012
-1364
-3332
4628
-4072
-1440
11828
2716
4508
-500
-9348
-4880
-6748
3372
-144
-2016
-5880
-9184
5560
2164
2824
880
-2272
1044
-988
10232
2596
-5456
-9696
5460
10844
-5016
-15336
-5416
4916
11604
920
-3016
-4708
8276
4876
6076
-2320
3144
6040
5588
5312
-3056
-3728
-3596
7552
6904
-1216
-2316
-3388
4332
5992
8944
-1996
5208
5132
-7700
-6928
1792
6280
1352
-3792
-5148
-7280
-2140
11592
9004
-12808
-14608
740
15912
4996
-4044
-18848
272
9116
6600
244
-14708
-1896
5772
19148
10688
1596
-8004
-8412
5836
8156
10932
-6796
-5476
6308
10032
11004
-4516
-4384
100
-1268
2888
-4940
1076
-180
6048
-484
2500
-8288
-1360
2536
4716
5284
3964
2900
-2792
-5928
-3188
-512
-1700
-1680
1300
-4192
-6292
-5848
1328
2084
15700
3932
-4920
-12324
-3504
3048
18100
17944
-1588
-21400
-9032
11484
19128
7444
-16140
-19880
-3920
9908
7488
1436
-12296
-11772
-460
9668
9888
-3152
-2168
-4164
2500
1932
172
-6248
-5840
6748
2996
5112
-2788
-4360
-6080
-13036
-2184
3336
3460
-3784
-5688
7640
3712
-2352
2884
2020
9736
-160
-7160
-8440
-13024
2360
11876
7068
-11832
-18388
-564
11364
9372
-5636
-7876
9304
9884
4696
-8408
-9864
-6936
352
8048
-1236
-5588
-5948
1528
2224
-1816
-8788
-4852
4016
2364
5332
-8896
-7776
-2888
3812
2952
-4964
-452
-7732
2256
2616
2536
4708
96
-3308
-5540
-988
1460
6276
2944
-8400
-4520
3132
15212
2184
-16272
-2668
9784
7168
-6328
-3064
-2140
7420
2168
5448
-4604
-10632
-5440
-500
8668
-1656
-3688
-1236
-6260
9084
2988
2276
-6468
-5528
5240
-1980
1752
-6168
740
2592
-5908
-3872
-4168
-2356
-2460
5732
-3872
2780
-260
416
1140
-5244
-1100
-80
3960
6948
2484
-2940
-556
5852
13956
11452
36
-18592
-18104
84
20900
14460
-8832
-22344
-17932
980
15456
23128
6740
-14572
-17760
-3016
15404
16548
-3640
-9408
-5096
4484
15576
8196
-400
-14664
-5492
1416
10748
-2544
-2716
-4216
9520
6132
2888
-2100
-12724
6524
-5932
2480
948
7392
12580
-10384
-3864
-1012
4208
7164
-6480
-4972
-2836
-7932
-3672
3280
1120
7728
7676
1104
2992
5372
13736
6492
-5732
-8160
2832
13624
8044
-11348
-12836
-1992
13696
7600
-732
-1816
-2044
3548
5340
4348
2212
-2148
2216
6004
4664
1452
-5812
-3844
7608
4864
-2016
-6688
-40
3492
2032
1236
-1704
152
-1088
-2252
-2804
7692
9344
1216
2436
-4176
1660
7024
2020
-5332
-17548
-1012
16136
10432
-10152
-17616
-1216
11308
6288
20
-14736
-1088
3644
12156
12032
-4836
-5196
-8708
4864
3560
4344
-4592
-10136
3412
6316
7788
-2668
-8368
2980
4476
5596
-4040
-6260
5512
-3536
7540
6556
6072
-4040
-5188
148
5096
2300
3188
4116
-5904
-4592
-1672
-2768
-4972
-2440
-1316
3080
776
-3812
-4596
10904
17764
1812
-12744
-17004
-3932
13400
23896
7712
-26784
-29752
-5012
30040
18604
-5004
-29656
-15992
9300
15096
2480
-18380
-18784
-2472
15972
13688
-4112
-12988
-2024
10584
11932
-1696
-5516
-10288
5888
896
3612
1524
-5152
-612
-13424
-1644
844
4136
1912
-5100
2928
-1588
2532
3136
6212
15904
1588
-11588
-9900
-7656
-3136
6456
7044
-1512
-11804
-4868
1364
-6312
-8644
-3756
12948
8628
-2624
-9032
-1728
3432
1308
-3448
-4892
-6564
2384
2232
5408
-2852
-6696
-6620
4136
4468
936
-4580
-5872
-992
1560
3692
-5456
-4160
-1820
-3172
3680
-288
1264
-684
-396
-1288
516
4780
7112
6368
-10108
-13912
1184
16320
17220
-11288
-18160
3704
28620
4440
-14700
-15772
-2608
14420
3656
2020
-9284
-10688
-5860
15400
8824
876
-3344
-9952
6964
4108
1092
-10484
-8940
2012
808
100
-10084
-3424
-672
-4236
2768
-1308
3916
-4524
-3800
-48
-1400
7412
964
-4008
-4040
-6680
3944
7836
6524
-400
-5260
-8392
5260
11464
11012
3560
-7232
-19516
-8884
10944
16996
968
-10028
-12016
-6000
784
12632
13376
5524
-14952
-16256
1644
19716
9252
-5584
-10216
-1916
5216
13468
4776
-4476
-5680
-6512
2416
5324
1384
-12268
-3368
1332
5820
7352
-1120
1148
-7748
852
4868
8644
11336
-5428
-2880
-3364
5424
812
-5428
-148
-2776
-144
-14380
-8376
3928
4096
10172
3432
1380
-3244
-1176
-3224
3224
7984
7464
8616
-14636
-15500
-60
16560
15912
-1704
-12992
-12964
3332
16444
5884
-2424
-13540
-4152
3964
13276
4232
-5400
-8612
-44
7148
6432
-640
-3720
-4268
8896
8768
1528
-996
-5836
-2648
3460
1972
1620
-5952
-472
7444
1984
-3128
-8036
1092
9956
-5548
-12024
-16
15364
4020
-14884
-16112
3732
13764
5360
2300
-11320
1100
3396
15528
6528
-2236
-6940
-2028
3508
6012
1120
-8344
-7204
1268
15804
3696
-6252
-5224
772
10576
2580
1856
-1968
-1520
2728
480
4108
2532
1592
1404
-3280
1808
12
1680
556
-368
1668
-4140
-5072
532
832
-2344
-1428
-9064
-6216
10880
14396
4216
-6696
-6072
-5028
9292
21944
12912
-17972
-27704
-11340
14500
20460
-3892
-19800
-13420
2332
9284
9988
-5604
-13684
-7984
11740
8056
3560
-5604
-1352
-332
-512
5256
-8448
-1704
-10632
-1220
260
5580
11532
-8964
-11716
-14136
-1844
10608
-8
1164
-3824
1184
6276
2264
6540
-7220
3264
3116
-8016
-6352
-14524
-372
9100
13172
8248
-11728
-9464
-7872
-3536
2184
15984
980
-3416
-13580
124
10924
3476
-1860
-14540
-6728
32
1860
2476
-6032
-3132
-4008
-668
2088
4352
-976
-7756
992
3508
6764
920
-1672
-1424
-8268
-2908
1100
3792
-800
2672
-3752
-1560
-5168
-4360
11352
-936
-1508
-8916
8888
16092
-1212
-12744
-3756
15592
12704
-4128
-6972
-5232
-780
-2988
7644
1824
-8084
-1896
-5916
3908
-172
-624
-1680
-5492
-652
5028
-1596
108
-2912
9684
-2924
-6804
536
-3088
1816
-7708
3700
1576
-792
1844
-6880
-4212
-1552
4716
4504
-7164
-3240
-1556
488
7912
3640
5856
-2660
1504
628
5052
5944
4712
-6836
-16180
84
11148
6608
-5580
-8512
-16116
-8152
13988
21668
3892
-16188
-18776
796
15664
13668
-2072
-15124
-6528
7328
18140
12708
-5980
-16336
-8056
8276
7972
744
-9112
-12288
5952
12192
5236
-10112
-276
-9436
8696
2952
1040
12304
2816
4832
-72
-4040
-3108
-3408
5428
-2444
-5696
-4988
-7164
4840
6944
14744
3352
-8532
-7680
-7484
17572
17872
-2272
-18036
-9136
12160
10468
-9536
-9792
-7056
3732
9272
12260
2236
-7344
-744
556
11244
12032
-4028
-11528
-2084
11720
9548
924
-7948
-2352
1852
7428
8340
-1892
-4328
-2848
288
9132
5276
-344
-9896
-2248
8396
3900
-6132
-5964
-5536
948
8960
8644
-1376
-12536
-1612
13352
6376
-700
-12776
5180
5456
-956
2180
-1332
876
-2664
3440
3148
3872
-3128
-7056
760
-3268
5360
-4108
-4892
1412
-1416
8776
2532
-1616
-1640
3244
-5448
1564
3216
-1080
2184
-3704
4168
3108
36
772
-6168
1892
4044
4912
-2928
-4624
-1780
-3880
-980
172
2820
-2636
-3736
-1812
-4300
284
14668
13144
-264
-12396
-5744
2424
17500
20084
-612
-27808
-20692
8028
22784
9752
-17964
-22240
-4884
10588
12836
404
-18540
-16884
-160
15904
12616
-880
-7496
-7440
7468
4632
8600
-11056
-6916
-1996
4380
4868
312
-6232
-7252
-13972
-2468
6284
660
944
868
7748
6420
-3052
512
3724
17696
2432
-7472
-10232
-13416
6940
9712
2176
-11784
-10964
4064
5316
1152
-15984
-6904
10436
13588
4404
-13984
-16632
-2320
5372
5360
-2060
-4548
-6696
-5456
2460
5912
1936
-6156
-7572
-640
3360
992
1044
-1152
-4404
328
1664
3936
2336
-3492
-6712
-1980
2236
328
476
-10028
-892
7200
5644
6420
-11712
-14760
6480
22732
6612
-14596
-11512
12452
16984
4556
-12316
-9004
-2432
6964
12160
-3076
-6392
-14520
5976
7924
8340
-2428
-15004
-8224
-3292
10612
-1872
-13692
-16060
-2448
12860
-1164
-4684
-5476
1732
-7240
-2772
-2124
-5036
-4932
-736
6608
-904
-752
1180
1588
2164
-3712
-2280
5180
7132
4992
-4972
-2708
656
9640
7000
8300
-1568
-12656
-9956
9524
12200
2072
-12780
-14348
-13664
3632
19528
10276
-16832
-17992
-1560
10100
14404
-1204
-12964
-9016
4644
16996
17176
2600
-10324
-12452
-668
9456
5220
1408
-8148
268
2264
5300
1012
-5624
-1212
-5664
5772
-648
5136
7656
-6108
-3232
6616
-1388
-3924
-12472
-5736
5460
-6560
-936
-8708
1208
8728
13352
6464
-13852
-4912
11216
18836
4396
-11172
-8572
7220
16108
-3496
-15988
-11148
1724
8092
7732
3660
-1788
-5068
1348
7112
8808
-3456
-3124
-6436
3652
8068
6332
-384
-716
312
3412
4212
-4396
-472
1632
1528
6716
2108
4996
-1696
-4064
-28
2052
3000
3672
868
-7972
736
9736
8000
-4896
-12544
10712
5700
-5612
-10848
1036
3932
1388
-48
-8292
2376
2052
10752
7300
-92
-4660
-10964
5564
9188
7792
-11092
-10524
3924
10420
13788
-5160
-6408
-2504
632
9460
-2376
4076
-440
4896
3912
1428
2236
3492
-680
4700
4764
-12
-1552
-1208
6092
1748
-1920
-7828
-4212
1192
2600
-2440
-4976
-9108
-8208
13484
14712
-1392
-12488
-9232
220
8284
13608
8880
-10460
-18988
-4568
13884
17320
-9144
-18680
-8340
8676
13508
-572
-12756
-12456
-1924
9344
10916
1820
-6600
-5972
2500
5036
8676
-6876
-6700
-4508
500
8288
4920
6400
-13624
-4388
-9584
-3356
5812
-5524
476
-6796
5428
-1676
-3812
-2804
4472
12452
-320
-5228
-16356
-9704
-2404
5004
11988
4044
-2220
-11000
-13584
-2144
8540
24152
9512
-10828
-21128
-4320
12052
11760
2516
-12768
-12620
-7068
9896
9908
-3476
-11584
-6160
7684
6620
-484
-10056
-9956
-1024
3944
11728
-4176
-8276
-10296
4836
4236
3432
-1628
-9968
440
2432
4260
6380
2400
3540
-8460
-10800
1780
16768
15672
-10720
-16472
3008
11116
9732
-3192
672
616
-784
4316
-5336
-2616
-6692
-3904
524
84
6188
-1436
-64
-2640
6284
6804
-7392
-6432
-13636
-1016
-1808
-1628
3944
-3836
-1172
-7428
-660
-444
552
1496
-8964
-1320
248
760
-5480
-6164
-2556
4380
4984
-2532
3628
-1664
1912
3556
5960
11056
6896
2456
-9596
-11580
5020
8848
6472
-8264
-11588
-13312
7252
20336
20512
-7068
-16496
-9324
3172
24628
10744
-4060
-9856
7232
12064
9952
1324
-10568
-8444
-1396
8708
3308
-3684
-10156
4636
6404
2556
4296
-10980
3452
-2448
2816
4696
2840
5360
-3824
4292
-4436
-7052
864
-2700
5720
-5600
-4236
-6756
-1384
5704
9108
684
7364
-3300
2296
-2468
-748
2392
2580
7492
7012
-1856
-14292
-15396
6812
12684
7616
-9092
-9568
3552
5076
7972
-2408
-1520
-4036
-3596
5080
3372
7792
-872
-3812
480
9668
944
-2476
176
-556
3084
2976
10232
-1928
-968
-13760
-5084
8328
3616
636
-6544
-7148
-1124
-1628
12136
7312
-11224
-20592
-2928
14156
2756
-12080
-14360
3280
8768
6224
1804
-7832
-5460
9784
2460
9444
-4540
-2900
-6964
4272
2812
5552
56
-5280
4464
4872
13488
3216
-6624
1820
-4464
1896
1120
2696
8820
1216
-232
-5724
1324
6520
5484
2844
-6404
-2140
4880
6068
-3920
-5416
-2932
-2084
1436
980
-4728
-2948
-4504
-2576
5164
12368
3224
276
-4708
-1136
5988
12536
9644
-5008
-16176
-11948
5172
15336
8152
-8664
-20664
-7596
6276
8208
3960
-12136
-13596
7712
10876
5848
-2464
-8088
1716
5104
6568
-1988
1248
-8920
-892
-520
5340
7484
-8548
-6256
-7772
1968
7668
3588
-2396
-5972
3308
6972
396
5908
2532
4320
-3076
-4908
-8504
-6876
4744
6236
1484
-3684
-10016
-3516
4800
9080
-332
-3040
5228
3784
-3028
-464
-5264
-3656
-4236
-5024
700
-176
-1060
-4192
-5004
-8152
-3004
1856
264
3332
2104
-1060
-2464
-3956
7616
396
-3324
-2636
1940
-5548
-96
2028
6468
-868
-2548
-5256
-7312
5048
6216
6604
-5476
-7132
1860
16252
7424
-14108
-13300
8472
11556
1544
-9088
-3004
-4168
5948
6984
-1308
-6076
-18732
-3900
5540
5392
2668
-17376
-6500
-4804
6452
-684
-13196
-7316
-984
7968
-736
1540
964
-4452
612
-940
712
-3736
-7516
1300
1016
8488
448
-1252
-1540
-1724
1148
652
412
3716
68
-696
1660
3876
7888
6216
6060
-352
-15016
-5252
8256
3948
-1224
-7240
-12116
-10432
2924
19552
20396
-3928
-17900
-9016
13648
21728
6744
-11280
-13200
-3540
13040
15264
7784
-10584
-7976
-4236
12724
-1672
1140
-6604
4328
6940
4956
-588
-8344
548
-4128
124
-344
6396
8228
-1920
-3544
984
4996
-2568
-7416
6232
1376
-2628
-11304
-13192
4996
14696
8860
-5360
-8716
1400
10324
18500
1016
-12160
-1844
11508
8768
-8088
-12644
-4788
4556
16832
3908
-3084
-4976
2172
8880
7996
784
-5668
-4004
1540
6432
6080
-3804
-6024
-3332
2132
7544
-504
932
-4416
-2144
-2024
1100
-1732
-4400
-7176
-928
4876
2944
1692
652
1384
-5124
-5788
8512
4056
-11544
-11380
9584
11200
-8784
-5884
-2996
15068
1064
-3752
-8116
-6064
10872
204
9616
868
2112
-460
-2088
5236
11548
1504
-5220
1964
1240
-1152
-4668
-416
10224
556
756
-3932
9244
-796
-5032
3740
4592
9228
-696
-3000
-2556
-1688
1032
3760
2020
-3492
-7668
-684
5060
-3944
-4756
-468
1080
-372
-8468
-9736
12320
12628
-344
-4508
-8272
-1128
12640
26440
10596
-14344
-25968
-7868
14780
19208
-456
-22224
-19704
3536
14812
8616
-7980
-15552
-6436
9416
8588
-5824
-2800
-2920
4152
2596
-2540
-10152
-260
1928
6400
3100
-4596
780
-11812
-6072
-11856
2980
5692
-1508
324
-5080
3896
3532
-3612
4528
2872
8852
-3152
-8252
-7468
-4356
12968
4144
-9416
-18940
-7416
7892
3656
-6508
-8520
4272
15224
5104
-3524
-12640
-6840
-536
3976
7352
-1148
-7384
-6796
1900
7572
-104
-5036
-3864
1488
7648
2832
1072
-9484
-6576
-2696
872
164
3352
-2928
-12752
-4676
6628
5432
3792
-3744
-5816
-2508
6272
1744
3812
-8400
-1560
8476
12960
1584
-14568
-3640
9796
11908
776
-13948
-6524
-5632
11932
376
-1400
-13124
-9104
780
7184
5108
-9100
-3528
-1504
728
3404
-5072
-10064
-1844
8780
-4360
-6256
-5592
2956
6280
-3936
-2560
-3784
3724
3004
-684
-1948
-1300
4532
3104
-6148
-3212
-5004
6248
5780
4048
112
-196
-5552
5312
7884
8100
-2836
-6948
-12144
2780
7480
7304
1984
-2748
-14892
-8996
13312
23264
3032
-17952
-14336
-1064
14092
16752
-7324
-13788
-4512
8284
13252
9592
-6024
-7504
-7708
5544
6740
-4096
-11464
-2112
1972
9976
132
-5040
-7416
6972
-2664
7692
6952
3180
4724
-4584
3460
2300
-6196
-1808
-2100
5092
-7100
-11852
-1664
3400
8948
3712
13356
5536
876
-4596
-4836
11420
7580
-1104
-828
3844
-4536
-7200
-1152
8260
8820
-2236
-1936
-572
7240
9392
384
-3084
-7704
2724
7236
6700
764
-8380
-3408
6444
13316
6568
-7428
1008
1664
7044
-48
-4832
252
5232
-568
-3564
-804
968
-384
476
520
1368
-2552
1772
8348
-9776
-6168
-408
11088
6988
-8584
-11104
-1320
10640
7372
2400
-5336
-9244
5052
3528
10568
1828
-12428
-8788
-3388
9556
980
-2552
-9504
-1108
14688
6400
-1580
-7460
5832
84
9636
-6376
180
1604
816
9008
-2552
372
-2620
-120
3672
-1412
4816
2800
5384
4312
-3112
-8652
-3768
128
1764
-888
-7544
-5404
-4660
4944
15664
5168
-4240
-8284
1004
2996
9748
9692
-2840
-17720
-13212
4292
14832
7240
-9696
-14820
-1412
3980
4988
-3156
-5448
-8392
-5236
-364
10832
2684
2196
-4420
7380
584
5912
-3360
-6216
5440
-80
7380
-4528
3984
-2268
-7672
-11380
4752
6488
-1596
1816
-3784
8780
200
412
5544
3416
6728
-6820
-7660
-5092
-8236
472
5408
4652
-4772
-9944
-8060
-9368
3004
4924
22644
4460
-14612
-11524
-2488
16356
9912
-5924
-15124
556
9492
13160
-1456
-11744
-10876
-1376
4996
9424
-2148
-7908
-11308
-3628
7264
4084
-1984
-8704
-1948
6192
5072
-1332
-2536
-4688
2184
7848
-1004
-3496
308
2304
-1124
-10092
3964
12652
2276
-15968
-12224
11000
13976
-3948
-7648
-9940
7008
-2344
3400
-8076
-6352
-4712
-5344
588
-528
4600
-5840
-6292
2420
1624
5824
-10508
-9012
-3000
4464
4812
-8052
-2232
-1268
4016
2700
-308
-7076
-5716
-1896
492
5408
-1208
-1436
-5436
-348
4744
3340
-1520
-1100
4764
6820
-5668
-6704
3228
13952
13016
396
-10176
-12404
44
15528
3756
-10256
-15264
-9376
2744
17480
9768
-2660
-11244
-208
15180
13876
-1912
-10484
-6068
9564
10712
2336
2020
-3256
-4264
-944
3616
2012
-3944
-2312
-4120
9484
1324
6824
-5708
1076
-2900
-10024
3912
828
10548
3040
-6324
-740
-2868
-868
1800
-5016
7056
-3812
-6212
-2660
172
15264
13116
5096
-11240
-16860
-2180
8492
17684
4084
-2272
-1584
-6092
-1916
-4208
10072
4572
-2260
-7468
764
11448
4500
548
-2916
-1328
-220
5832
8460
-696
-3592
-3764
3992
5760
5152
-56
-4292
1572
-3536
7296
-924
2180
2380
1428
3480
1176
2204
-2288
-728
1528
-3192
-6092
1492
8628
9316
-7952
-15408
-2616
12680
840
-7624
-4948
-868
8152
-788
856
2640
-1708
1008
-3688
16208
4564
2656
-432
676
10844
3160
5052
-6672
-1304
4728
1716
6600
-708
2208
-924
132
9876
1756
4240
-1964
5340
4988
-2076
-4636
-3816
1104
-720
2456
-2324
1444
-1176
-2620
-3424
-2212
928
3132
-36
-6024
-4940
-8488
104
17168
5252
-2336
-6160
-4952
-1116
14052
17324
-3620
-24012
-16468
5580
20696
9940
-13420
-13160
6236
11352
4764
-12272
-13828
-36
8568
8904
528
552
-2780
5024
-3068
3348
-5648
1240
-7188
-176
1140
-1524
10084
-5536
-284
-11912
-7484
9388
1828
4808
-1000
1756
5936
-3116
4172
7776
432
1512
-11264
-8136
-1836
7176
8256
-4612
-9928
-12032
-3324
8084
-6956
-12856
1968
15900
11412
-6108
-15648
-8632
3508
5276
1520
-2640
-7884
1584
-340
580
4476
-3292
-288
-9432
2268
5016
588
-1828
1424
820
-3268
432
3172
-2000
-3856
-4816
-1908
11400
5388
-9372
-5068
-3484
9196
5328
-4156
-8436
-8512
11924
16884
7276
-17880
-10660
6280
10768
5872
-8576
-5940
-2616
7620
-1088
3096
-12020
-10024
-2280
-1824
3840
-3672
-4240
-14532
-3124
312
-5972
-3824
-5860
5464
7920
-1116
224
-4292
-2564
-8728
-5932
4348
-164
5340
-7908
-6192
-1568
6076
11448
-3120
-11812
-3984
-1040
7880
8432
4748
-5528
-4044
2708
12292
12600
2656
-7348
-13328
-260
11340
8068
-6196
-10180
-15816
-4600
8588
23900
9112
-10800
-12624
-316
12232
12852
-4696
-13368
-9312
7212
15152
8832
-7516
-14768
-4732
4316
13276
-2616
-13264
-5988
5352
12188
4652
-968
-12372
-3980
1740
928
11952
3684
3672
-5824
-2592
6008
-5348
-7060
-10440
2256
6052
-6044
-13268
-5756
13868
15676
1036
-8384
-9984
2780
20592
10460
-4664
-20472
-2644
13756
12756
-9708
-18072
-1572
10248
11288
6200
-1324
-6164
-3256
5876
10024
1348
-912
-4164
2428
5288
6888
-2220
-5016
-968
-2772
1208
4468
-384
2560
-788
-3288
2804
696
-3024
-3484
-7124
5040
3364
4100
2936
-8912
-280
5996
7664
-6388
-18092
-3452
12752
13792
-14228
-18096
-2192
8420
14696
-508
-3288
-9464
-3752
7316
18128
-4172
-7160
-5472
10668
13916
-1232
-2508
-7756
2512
7332
-1764
-2404
-6984
11512
4304
-864
-412
-2044
5460
1876
3280
-64
-1752
9512
-620
-2944
-4988
4276
10356
-928
-728
540
-5496
872
-1036
-876
-2844
-3904
-2660
-4644
-3492
12860
16956
-812
-5224
-6200
-1568
8940
19080
9840
-11936
-19604
-8796
9804
17956
2080
-16924
-13492
-3112
11796
8496
-4260
-13796
-6640
4500
13764
-424
-5064
-8204
4328
4120
9764
-3912
-4536
472
3204
4444
-1172
8280
-4484
-2536
-14548
-7528
6716
-3604
888
-1916
2164
5896
-6636
568
3128
6556
1816
-12880
-11276
-11192
5344
17156
4288
-11348
-12156
-2304
1880
916
2588
10116
3436
-4840
-6884
-5464
4876
340
-7640
-7952
-2548
6740
3756
-1408
-4920
-4284
-48
2924
3664
-456
292
-6116
5092
2760
28
-3048
-4056
60
4668
-3948
2220
-1124
520
-1424
-2624
-692
-960
6684
4364
-6264
-5924
-3268
16460
15420
-2700
-14240
-3560
15240
4072
-2760
-11544
-3316
432
248
-820
-7192
-1844
1048
7644
1412
-3360
-6324
-1512
2572
1332
-2212
-12924
384
1108
8004
-1424
-13016
-3220
-1364
8636
5940
6220
3596
-980
-916
-7556
944
544
-4408
4984
-72
-2080
-1704
-1672
6192
3904
6796
544
2252
5488
4240
5684
1572
-8316
-11644
920
12804
10436
-2236
-11672
-16440
-5660
11744
18588
2392
-12048
-16816
4720
19824
9228
-8008
-7932
-6256
5460
14040
8144
-4132
-10920
-7932
4572
-140
3084
-6616
1088
-196
7004
-4292
3444
-5076
-2468
-2736
5036
10312
4520
3640
-8920
744
3044
-3972
3932
-3776
1792
-3636
-11344
-4936
-3860
13176
11976
13736
6064
-9708
-4532
3100
13708
4772
-6300
-2472
3404
-4240
-4268
6588
3508
2632
-5576
180
5244
1884
5668
2168
412
-3988
3424
6100
-96
4456
-3340
2716
2264
5412
-604
-316
4616
-572
3584
-1696
-7924
1880
7468
3536
-132
1348
1336
-2988
2168
-2608
-2616
5784
2336
5708
-5636
-7428
2440
10208
2584
-12888
-6136
-1256
3748
2208
-44
3300
-5876
2980
3708
6944
3824
-10424
-6140
-7272
4020
3984
-1616
-3208
3912
7368
10604
3784
-13732
-2572
2356
4316
5544
-2392
4152
-4240
3852
-4840
2028
5576
684
220
-4768
36
8436
6492
1832
-1780
-7104
-7152
-1624
-1320
-3108
2696
-4728
-6720
-4424
18300
4136
-12476
-11664
-5524
6812
19744
12288
-9168
-19828
-8016
11516
17976
-752
-16864
-11304
6636
9428
3488
-2760
-13340
-7904
3672
11316
2836
112
-5828
4756
7144
-3072
-1400
-10748
-5072
1632
-3044
1872
-68
2612
-8092
-11668
-3328
-544
10828
-16
-56
3484
904
3336
-1288
12528
5544
-2792
-4472
-9408
-5696
-5756
5256
9964
4148
-7168
-15376
-5440
1888
5744
6632
2348
392
-5796
2256
6340
708
-6620
-8596
576
6604
4408
-4828
-3336
-5528
3180
5076
2472
-1728
-4072
-628
-4896
3176
6256
-5832
-2768
-4768
1672
-2292
-1648
272
-908
-1448
-512
1872
1056
-3836
-3184
11076
-3552
-5404
9688
9248
-136
-18012
-1668
12372
10636
-3272
-15088
-196
2288
7060
848
-6560
-7788
-8728
6132
452
4192
-3712
-7568
-32
1064
12608
2204
-10572
-8392
-4572
8476
-5252
-11848
3440
736
1472
-3504
-328
6288
-4920
-2356
-5588
-7124
2924
2988
4432
944
-956
-988
292
11020
520
-660
3244
5184
-1300
-16
8392
5496
-7976
-7576
496
8684
28
-5448
-16912
-9564
10000
24272
15736
-11908
-15272
-1172
20760
17128
-3912
-11168
-6076
5172
13232
13972
-4648
-12588
-11328
-2116
5496
10080
-6636
-9832
-2020
8292
8836
-3300
-60
-5640
5640
-4000
-112
2424
5804
-2364
720
-32
-4308
16
-2016
5396
-2608
-12568
-5740
4012
14436
10236
4952
-3944
-12604
3340
8520
8680
-460
-8064
-2216
6416
8220
-648
-10968
-1792
3188
12484
4976
112
-3024
-1056
1860
4228
5128
2332
24
-1884
-1004
3560
5692
2268
-416
-2128
504
-400
608
3660
512
3940
-628
1724
-3652
-3308
-944
-1484
2788
1368
2044
-5488
-6480
9992
7944
-2988
-19736
-6288
12916
15880
-7876
-12080
-6244
4408
8380
-800
1564
-5832
2008
2744
8868
4064
-7984
132
-11868
8632
5684
2048
-6844
-9460
12208
8520
1672
-1864
-3284
7400
-4220
4108
192
5040
-5276
3684
-2244
-620
-696
-1700
4252
-2412
820
2272
-2908
3280
-7860
-5424
-3784
-5156
1948
512
-1012
-3864
-7400
-928
18300
11012
-5108
-9140
-152
6528
11316
13852
-1212
-16748
-14464
4576
12596
7300
-12780
-22816
-6324
11824
10560
-1824
-14620
-9208
-668
5844
11872
5532
-2600
-1528
436
6108
-4968
2684
-5136
-3252
-1408
3592
4372
984
3796
-11120
-6120
168
428
596
-940
2240
-1844
3308
-2436
4636
3156
7376
2776
-11844
-8268
2960
11844
440
-13472
-10520
-2020
14608
-2160
-17268
-10956
7392
18940
5824
-9676
-19376
-10380
4932
9204
5844
-8040
-11008
-7588
5672
3572
-2760
-7840
-8280
1364
8216
28
-7056
-11400
-3412
6944
8820
-3700
-4180
-3604
-1664
2692
4176
6756
-4356
-4408
-2740
5064
9104
952
-728
-13980
-1008
14776
14708
-6360
-15904
3120
13072
952
-6184
-7816
3028
5604
464
2964
-7844
-6824
-13856
-4168
5992
5400
3240
-12752
-6404
-3612
7724
972
-9944
-5088
-792
1604
1368
2020
4852
-4104
-3012
-5384
-4576
-212
-1996
-6800
2696
5584
-3804
-1272
-9408
-452
-636
2060
764
1892
3072
-132
-1932
5236
9396
11772
4188
-14504
-14296
872
12760
8852
-5092
-11900
-16056
-3208
21504
23348
-600
-18960
-12616
7496
22156
308
-15500
-8132
7524
19852
14956
-6732
-14428
-4856
3520
1724
4732
-6980
-3564
-904
7192
3480
-2224
1188
-7992
5528
-3676
4612
2632
4000
7892
928
-1128
-8072
-6080
5020
-3228
-7032
-9960
-6636
6516
1448
6020
4524
1896
-708
-3060
-80
13864
4080
-10908
-8444
9584
13620
1856
-13852
-15764
1764
9896
8320
2324
-4872
-2568
-1980
7464
3460
-2000
-2664
-3624
2612
3352
-940
-384
1812
2128
3376
-220
628
368
-5904
3416
1720
8612
-3528
-3324
-4804
4972
7320
5640
612
-7868
-4184
9192
15820
9304
-15448
-17172
16
11728
2644
-13884
-10588
-1540
15236
-1224
-4128
-12132
-3796
7848
10640
4788
-8220
-6408
-3012
9100
-4368
-3536
100
-2056
13792
6580
344
-5556
-2152
6048
-472
4652
416
2572
5012
-3264
5528
1792
2696
1984
-72
924
1600
2064
1928
-4972
-5100
-576
-7116
-2224
-1392
944
472
-2532
-1812
-5180
3676
15460
1684
-9664
-7696
-3476
8876
17820
7792
-11020
-24984
-8092
17244
18676
3352
-19836
-19684
340
11692
6236
-10768
-20852
-9184
9096
11980
4332
-9392
-5164
-588
13988
256
-2480
-6696
3048
308
7676
2388
84
-60
-11860
-3316
-5216
3704
5596
-10836
-2580
1156
5100
9120
6268
10976
-6652
-9092
-6256
244
-5912
2628
4756
-4532
-5460
-3568
6892
-2344
-8912
-5960
6756
16820
-2124
-18560
-8552
5044
9760
-2612
-4096
-8976
-24
8216
-196
68
-2032
-1416
-2544
6704
-228
-1720
-5672
1956
-484
2924
-808
488
-1832
-3852
-6696
-8344
7232
9872
2604
-11220
-10504
3796
4652
11492
-2372
-13484
-8820
10924
18176
-1136
-12060
-6416
8096
8392
-7484
548
-940
4972
272
-1688
112
-256
-8284
2936
5808
-700
-4796
-9964
-456
-4064
1476
-4780
-11800
2932
-340
3996
-5388
-9404
2400
488
4368
-9480
-4296
1340
-2016
4120
-2768
1120
-2812
4180
3564
-3996
-6040
-2840
780
4940
1772
-1904
4084
6792
13040
7080
-616
-14728
-14040
6508
9456
4900
-9956
-12828
-12132
1480
16700
24000
-768
-19584
-14172
1676
22224
17648
-5044
-10972
-5728
7256
12980
8708
-6536
-12132
-5620
5760
9320
-96
-8396
-5232
4216
6868
3696
-8100
-2616
-5908
520
5448
1392
10924
-2396
592
-4016
-824
9184
-5964
-2716
-3472
-4916
760
-4848
6300
5136
9256
3508
5504
-1084
-888
3696
8768
5932
-2836
3288
4388
-6792
-12448
684
11228
8468
2948
-6684
-2100
4380
2044
376
-7512
-2812
6164
7740
2220
-3568
1624
-1640
2296
6892
5076
3100
-3008
-212
2560
972
-224
4196
3056
-7200
-5536
172
8260
6052
-1540
-6576
-7884
2784
9440
10008
-13572
-17320
-5252
22308
10664
-11412
-13512
1292
14192
1780
-6588
-2488
-6272
7900
4400
8288
-660
-8984
-3200
5408
2824
4172
-4996
3200
4404
11196
996
-8460
-1412
-384
3324
-2008
-1696
2512
-2852
2260
2616
7176
8312
868
-568
-3624
2424
1952
1072
-1240
612
-812
-476
-6260
-2152
-1024
3520
-5244
-4696
-3568
124
9468
8552
-4244
-3720
-6556
2804
12428
15808
1284
-19016
-17332
1852
16252
11812
-11872
-22540
-5388
10508
12064
-4692
-14672
-7996
4044
6896
5812
-668
-5104
-60
7580
700
1452
-13068
1768
2012
660
616
-3944
6964
-3676
-5668
-9784
-4948
5648
1360
7112
2536
-3632
-788
-2300
11500
5400
644
-7036
-9960
-5760
-748
7732
3128
-7912
-4612
-4032
-1164
-4260
-10316
5844
11408
8636
-5496
-9252
-1264
1420
7012
-5060
-3532
432
-1192
-20
-3252
-1804
-1464
-4000
5216
-2400
108
-4336
144
6096
560
268
-2652
-820
-2392
-4484
-1508
1144
5384
-1168
-6296
-5212
-1540
3720
4588
2280
-7416
-7548
8516
25684
7548
-16760
-20096
3128
19856
11292
-3948
-17500
3696
8612
3284
-7016
-14284
-11224
-7964
5636
2240
-2596
-4676
-10876
1960
2220
-3952
-13616
-1076
364
14188
1032
-4032
336
1560
1512
-10100
-5752
640
-1992
2100
1604
-828
3024
-612
1304
-7304
-4904
-3340
1704
7368
5308
2816
-1160
1712
6332
2832
6460
-3596
-19932
-9500
10504
10728
2056
-3620
-12508
-10204
2252
17388
11772
-9688
-19256
-11180
10496
25916
7388
-11208
-19596
-3672
15252
21140
1776
-13512
-9108
-2736
11412
2420
-2104
-5568
-1392
2252
-432
-4504
3948
-4900
-768
1464
3796
5336
-428
280
-2704
-3580
4236
-5992
-2232
-9844
-2868
3188
-4828
-576
920
12452
2608
-3192
-6272
-2764
16464
7956
-3728
-13460
-4872
21980
17244
-3552
-27452
-3824
22648
20884
2012
-10896
-6536
1732
17576
11252
-2940
-9936
1752
2928
3176
5052
-5064
468
5804
5800
5332
-3352
-544
-4092
-1172
5912
6676
2076
-7352
-5200
-3272
3112
5048
-696
-148
-6676
-4656
4356
12956
3820
-17132
-19560
6868
16948
4504
-18248
-7028
7900
7020
6280
-5592
-3920
-100
6096
7972
888
-6696
-7524
5044
6484
5672
-1148
-12716
-604
848
19684
7744
-7156
-10020
7372
-256
1080
-3628
-644
4924
-5104
-460
-2888
1336
7484
-1080
3140
-2868
2296
5492
636
1824
-6756
-4612
-6860
-1292
292
536
-9916
-4580
-4464
6464
12680
1556
-4816
-7668
8860
16800
17812
-1196
-22060
-19748
-700
21008
11568
-9536
-20796
-8640
14924
11216
3776
-12144
-16304
-4264
8540
15920
-576
-3484
-3028
-112
4220
-3352
4276
-9520
516
-1728
4208
4300
2180
-3104
-7568
-11848
900
-2420
5192
-396
988
2732
-200
9764
3640
-3696
-2896
-5172
3660
-6616
-1992
1156
1892
-1792
-7400
-912
1132
-4452
-13060
-9712
10356
22572
7084
-14676
-19572
-7336
15264
8204
-128
-11488
-11924
6740
10036
3120
-6440
-12076
-708
3992
10540
-6304
-7124
-3972
2236
9744
-4064
-1184
-6800
528
1436
-6212
3124
-2244
-76
-7640
-1624
-292
2964
4504
-3916
-9048
-6392
16644
7980
-8984
-14816
1552
18092
3600
-9696
-13004
2592
6804
7340
3128
-9384
-6408
-10644
5472
4616
3972
-3928
-15104
-1388
-3484
5552
-2528
-14132
-7072
-1336
15140
-2104
-396
-768
1592
-5844
-1380
-3672
5524
-2492
320
1544
-3844
4684
-1140
420
-796
1008
164
-3244
9900
6528
2932
-8
-1708
6812
12628
7772
-11072
-20336
-4292
14688
16544
-4112
-14356
-22472
-7792
26160
19292
-1100
-20900
-11252
11236
24560
7584
-13048
-13892
-864
16536
16492
6776
-11056
-12560
-3296
9016
5660
-2460
-6880
-4
1264
9296
5080
-4588
-772
-5536
672
-1952
1080
8612
104
-2288
-5836
4660
-8048
-560
-5744
-6864
-4160
-1812
8164
-112
-2448
4328
7452
3216
-4680
-1592
6604
12852
1604
-11636
4008
12068
4480
-14296
-16360
6688
6132
9860
3692
-184
484
-2260
1616
1980
1752
5116
-2560
-432
344
2088
1280
160
2696
900
-932
-5156
-2504
5572
3796
48
-2152
2636
608
-8668
-2100
5956
11236
-4952
-12056
-12028
-572
19876
11260
-6024
-26156
-8764
15020
9376
-13464
-15096
-688
5284
8640
-1212
500
-10972
444
10324
9464
1004
-10136
3464
5796
14056
6860
1188
2424
-4272
8100
-2440
-2560
-132
584
4860
-5504
5128
3112
1744
172
-1536
2396
2804
-276
360
-5764
-828
924
3580
-1704
-1628
-1124
-2716
-2064
-300
-1472
-1952
3016
-1644
-7936
-936
6876
9752
-2320
-9472
-4072
-5660
16432
18536
-464
-24932
-24504
2900
20904
5372
-20344
-19608
-644
17852
10464
684
-12936
-12276
64
12060
14060
-3052
-7712
-5028
6500
6684
388
-3756
-8660
6396
2836
7836
-980
-5380
1108
-7100
-5920
-4760
3676
452
-6500
4504
5520
5288
3156
7376
-1188
-700
1152
-8276
-1820
-12052
-5064
6184
7464
4116
-14652
-12840
-5364
3220
15752
15268
880
-22816
-9384
10408
7968
5512
-11624
-16924
-6656
12028
13276
388
-11208
-8984
1112
9228
1520
-1676
-6796
-4776
2744
524
1148
-5792
704
2932
-1300
-1796
-648
4872
2728
-1640
-6752
-3332
-4232
352
13856
-3660
-15608
-7572
13292
15860
-4676
-11160
-4276
12908
7672
-7056
-7376
8684
328
-5420
392
-5504
-3756
-11388
5984
3892
2008
-2800
-11528
2212
1908
6864
-9736
-11680
-2900
-2820
3116
-1980
4888
5224
-4116
-3708
-8812
552
2504
-2044
-1460
-1928
1340
-664
-132
-3640
-6056
-1972
7800
8508
-1624
-3848
-1432
1644
12288
10644
-692
-1788
-17080
-5480
15348
10280
-1828
-8920
-16452
-7264
8152
21792
14156
-7568
-20120
-9820
10916
19996
6560
-12428
-5788
6700
13996
9152
-3612
-15552
-548
4492
5348
2800
-788
-5700
724
5180
6956
3008
-11416
-7052
-2024
8416
6404
404
3676
-4760
1996
2152
-1044
356
-3720
-4920
-3408
-3072
2436
4332
-1168
4664
4844
404
-5420
-7940
5188
8632
3044
1220
-224
3540
416
-3348
-2636
3588
3960
196
2228
6532
10548
7636
-1032
-3440
-9768
3188
8284
6412
-1016
-5700
-4440
776
5832
124
-5168
-1424
-1304
1908
4620
-2112
-6328
1196
4268
2744
-5484
-5032
2192
11760
4676
-2092
-10976
-6248
9224
6604
-1264
-17708
-1820
8960
4968
556
-4964
4972
2392
144
20
-5528
-5420
4880
4304
6396
1512
-4916
-32
-6616
6352
392
-1068
-2184
-3388
3908
-3676
-3628
-3188
5500
8540
-4864
116
-4008
1292
4708
3792
2984
-4660
1008
4636
-840
64
1696
5856
3580
3280
-712
-5116
-288
-2516
9924
-2600
-8728
-5680
-5888
10504
15728
4536
-11592
-16700
-1588
7560
16444
9564
-10560
-22464
-15560
11836
21108
2124
-13472
-19168
-224
8100
13472
-796
-12560
-14648
6112
12448
3724
-6692
-1520
-1296
-1388
1024
-5608
2644
-2496
2108
-4628
2212
7580
-3440
-3356
-13392
-2432
9476
7012
1728
-9656
2360
1876
7264
5188
-900
6464
-8192
-9420
-5432
-2888
3308
8048
-7656
-19576
-4012
11572
9136
-12516
-17368
-1076
21084
12188
-11836
-16744
-6004
5036
13244
2236
-4364
-15704
-6076
-696
7444
2676
-7616
-6804
-3556
7472
4780
2348
-6672
-3996
548
5200
792
-3492
-4056
-3944
2228
6944
5336
204
-5748
-840
4516
1384
1116
-5376
-5616
-4416
7868
13556
-2672
-11932
-196
12736
3588
-1516
-4788
-876
2912
-5304
7540
-2532
1880
-11856
-14456
-2504
4308
4492
-1544
-10140
1244
-2080
-52
-1328
4184
7432
-8620
-5800
-2564
-1184
7284
-6416
5284
2800
-5452
-4312
-7664
-1164
-848
24
-2560
-7616
-960
-4604
948
7800
5300
-452
5476
6056
8240
5788
3152
2468
-4260
-14588
-2632
8348
5304
4652
-4544
-18524
-12428
9596
28252
10420
-16088
-23788
516
26288
16904
-5940
-17264
-5600
10380
15008
6788
-11052
-10056
-2920
44
9308
-6728
-10832
3252
2688
11164
2348
-4152
-3044
-1984
1744
-1660
6908
12000
4276
3624
-5056
-2596
-6648
-196
-540
-3660
-4004
-7112
-5540
9712
7420
12016
-1664
-5572
-1048
4000
11688
2372
-10524
-6384
7644
14612
-3428
-21948
-16848
4360
17636
10092
500
-10448
-7384
5992
6140
5568
-3092
-4448
-1060
-1796
8352
2984
4192
-7072
-2912
344
6524
5636
-384
-2000
-5928
-768
3884
7988
-3180
-8512
-8108
-2044
13776
3108
-2100
-8604
-1128
8592
7116
-9576
-20868
-272
19696
6256
-14140
-18160
2276
17240
13264
-6900
-11712
-4396
900
19736
7836
3128
-4712
-6196
2768
1936
11100
-2320
2468
-1032
13328
-3032
-6172
-2224
-2556
5468
-1504
5368
820
504
696
-3680
5204
-1764
2376
4304
-5808
-3872
-4708
5228
4232
2252
932
-6524
-1496
956
348
2536
-1636
-5764
-5580
-4316
12364
12692
452
-7096
-9624
-6708
8060
23752
7888
-14628
-24896
-5456
20060
16996
-8344
-23640
-7800
11272
12560
1452
-11692
-15056
-1032
12824
11268
3624
-12388
-8040
-1516
10864
7868
-5956
-7964
4572
2140
3160
5076
-5460
-1368
-14628
692
2132
4488
1324
-4116
6292
2296
5580
-1520
796
9008
-1704
-2836
-12588
-14128
-392
9740
9616
-7020
-22948
-13404
6224
14008
-5164
-7872
5824
15316
-2652
-6768
-11396
-1624
5540
2012
1248
-8224
-5148
-2352
2476
2772
-3112
-3428
164
960
20
1484
3256
-5344
-4080
-2096
872
7540
-1016
260
-6804
-2032
5844
4588
-1332
-7592
-5324
2232
2404
9216
352
-15088
-1860
13388
6744
-19644
-8968
7356
16228
5624
-13208
-4548
356
9124
6372
-3704
-7868
-12384
-384
-2684
9688
-4640
-9648
-5940
-716
11268
-1588
-5964
-11276
5564
5188
-2236
-5312
-8008
5364
-2972
3824
72
1780
828
-5132
348
-2592
2496
-1400
1792
3856
-2652
-2880
2152
8348
7264
-5812
168
876
7508
9588
3852
-7600
-16000
-7164
7920
10728
984
-12068
-9600
-11672
4392
19960
11412
-11924
-14356
-3280
16496
17440
-2488
-13576
-9124
4668
18472
15676
-3684
-11112
-9440
1104
8764
-2060
-1492
-15456
412
-324
9988
-1816
-5360
-8516
-2448
1440
5948
5840
8496
-580
1892
-824
-8476
4904
-6724
1936
-10468
-3376
2072
-4512
4188
-132
5604
11088
5168
996
-9824
4144
1704
5172
2336
884
-3036
-11444
-7256
11520
12804
-8208
-8696
-92
6992
14192
3752
-1260
-9904
-1584
5064
7156
1900
-5976
-5144
964
6824
9984
-372
-2736
-3348
704
3096
2036
-5776
864
652
-1688
-1580
1200
620
2292
-5888
2156
-8012
2296
7872
1932
-16580
-4944
7648
13556
896
-10376
-2944
3224
4952
2604
192
-3636
-2532
8848
5584
4548
-7368
-9764
2272
-1520
8388
-5900
-4216
-3732
5268
9876
-6392
-552
-3592
1988
6364
5036
3104
1200
-8024
5024
4788
8740
4196
-2080
1040
532
5908
2372
-3612
1068
1844
-1348
-3104
-6012
-10072
332
6548
312
-5368
-16076
1540
19240
5572
-6712
-12172
-3156
7612
23012
3084
-20292
-25428
856
16808
15288
-4180
-18388
-7268
7172
14868
4224
-15736
-17656
-5068
11208
14576
-2752
-7932
-4172
4504
10540
5376
-336
-1476
-8748
5892
-5556
7388
6508
252
-3640
-17072
-6648
2140
4312
400
1984
-3196
1272
6692
5304
6732
-6200
2304
-2244
-10116
-7664
-1644
10036
7272
-7568
-9612
1128
604
-3620
-1336
11040
9172
-3732
-18012
-4464
2168
1988
-408
-1760
-4436
-2584
-4240
3484
-836
440
-1412
-1792
-2948
-588
1140
-2104
-1192
-2336
-5424
-1248
-3032
5712
-2220
-4120
-2404
-2724
3856
2140
-1544
-248
4076
576
2356
1124
-12432
-8992
9456
17288
-6636
-14060
-5348
13980
10952
-6252
-5304
-8364
7396
6060
2004
-3356
-12000
-3168
-3436
2780
-4168
-6632
-4364
-9400
2188
-8980
-3620
-13344
-4500
5532
1832
13580
-2072
-2608
-6704
-3316
1752
1244
3168
-3672
-1752
-4312
2368
5104
1140
416
-4860
-3276
992
6032
4960
304
3148
1168
2500
5536
7600
544
-10952
-18072
-1360
16332
12548
504
-16288
-16580
-4164
21820
26584
-1472
-20532
-12152
12036
25032
13684
-16788
-19264
-7240
14596
16828
6680
-5512
-16968
-5772
5776
10036
-1020
-2648
-8196
3272
6940
680
-436
-6632
4000
-7052
-1864
8228
8148
9140
-5564
832
-4124
-1948
-6980
5016
-7012
-7460
-6036
1228
12932
2504
3028
232
-3540
4368
5556
9228
1440
-11628
-9668
10228
19792
1796
-16612
-15472
-4408
18196
17028
3692
-9444
-11784
1936
13036
13700
-2652
-2516
-8424
1652
4724
8460
-2024
-5668
440
4004
6420
840
1808
-4784
-6756
680
3664
6436
-3308
-2744
-5812
7724
3940
-224
-6528
-7992
3244
10844
6892
-6996
-19504
-1780
13516
10596
-12516
-16436
-1860
3724
7004
9276
-7440
-3028
-3296
8072
8108
1980
-3184
-11020
7460
3916
1960
-1088
-6540
-1068
1944
8564
-8072
-10512
-1224
4128
8316
-476
2808
3000
-5176
3340
296
3864
1256
1916
-2712
1688
3364
5876
1960
-1528
-492
-4780
-2548
-856
-940
4420
-2532
-5152
-8604
-956
15144
9952
-840
-10092
-4236
1456
13184
17980
-4452
-24580
-19960
9184
22260
7948
-18512
-22800
10300
17020
10184
-11216
-21176
-10568
7592
15964
8832
-11432
-9972
1324
11700
10452
-4600
-6308
-8488
5336
5236
3560
1588
-2080
-2976
-13660
-2476
2392
84
2456
-2996
5788
4628
8556
1952
28
880
-3228
-6840
-6888
-1624
2452
4496
-4616
-7180
-1004
3160
-1364
-11772
-15036
2336
22996
12612
-12360
-26784
-8880
7052
14976
4788
-11828
-14512
-9852
8520
13548
2672
-2232
-10264
-3192
3320
7420
128
-3220
-1124
2932
1488
-4464
-2296
-2036
-1020
1040
-4588
3260
-3552
472
-1060
-5336
4124
2208
3056
-10748
-11352
4480
18528
6108
-17616
-10604
8844
22028
5296
-9252
-7076
-3400
3948
3700
-1936
-13032
-4724
-3172
14304
2420
-11248
-12668
-4744
7364
-2728
-3476
-18424
-9344
4460
1592
3292
-1712
-3476
-3036
-5144
3808
-576
2092
-2268
-1304
992
960
2960
-564
-3004
-4032
-288
924
2968
1056
-132
456
1360
4404
4836
3372
856
-492
-11480
-2196
5560
56
-2724
-2976
-7164
-8168
3116
16364
12604
-2584
-15008
-12520
11024
22184
4812
-7996
-12376
2372
15704
11344
9700
-10256
-12664
-228
11188
4808
-2032
-14444
-288
6028
7312
3592
-6128
-5232
-1248
1696
2584
5596
9288
-2472
4176
-11700
-3320
-884
-5752
-1276
-7036
4080
1228
-716
832
2796
7780
-252
-1172
780
4820
5260
1668
-5364
244
13208
5528
-10100
-17240
-4276
11708
15756
1988
-5044
-12252
-340
6944
7692
-4
-3592
-5532
-100
4888
3116
1996
-3136
888
1392
-2440
2404
-4376
-1548
304
836
2332
-212
-600
-3956
496
4184
5876
6524
2472
-5388
-6872
-3352
14572
2656
-8792
-18816
-2068
16420
676
-8508
-10496
1604
10384
8492
188
-6772
-24
-1244
10492
5296
420
-9648
5084
10572
16160
-1168
-14360
-2936
6720
7808
-6680
-9312
-3624
-3400
12016
1892
6064
-60
-4164
6088
6072
9568
-1984
-2076
-1628
-740
6280
1492
-1868
-1508
1256
1344
-3924
-5908
1332
2928
-2140
-8716
-9088
-3624
17056
13324
-9336
-7644
-3296
4332
15208
10032
-4540
-19456
-18632
2764
14896
8468
-11632
-22928
-4872
12632
9228
-6836
-13548
-10212
5368
10252
10932
572
-3416
3748
4452
-7004
1652
-5380
484
-3588
5096
5368
-1296
6192
-4124
-2388
-4980
-8040
-632
-932
8128
-6668
880
3688
1828
9892
-4076
-984
-1916
-2224
-1848
-15664
-9136
1120
17292
-7944
-4132
-16680
-7376
1288
7304
17624
4764
-6904
-12124
6016
5196
292
1852
-11252
1452
-636
6080
3428
-5960
-3932
-4008
6396
4156
-1620
-1100
-4780
3560
1432
4952
1400
-4508
-3816
-400
-2048
3932
3340
5512
-5676
-5768
312
2808
5984
1320
-2556
-13076
-2700
12408
11884
148
-15372
992
8864
916
-1928
-5348
6472
-428
5192
-2116
1076
-7108
-7092
6668
-2468
1964
-6564
208
-3804
4524
-5128
-1876
-9200
-7892
-5076
-1600
4084
-3784
892
1236
-7668
-2696
-7424
712
6412
-40
1544
-6972
1664
-920
2528
-1824
-440
1884
-1456
4620
3160
1280
1280
3156
8588
6876
-1428
-9836
-11320
9200
10292
3888
-7160
-13024
-11716
1132
19668
23108
396
-19116
-14616
8840
20284
9332
-14232
-11832
-984
11700
13192
4236
-6540
-13772
-1176
7988
7148
96
-7888
1940
4860
6140
-2524
-3868
-10912
3964
-9120
5360
9340
324
6476
-5512
-1476
-2164
-1980
-1672
-4460
308
-5172
-5228
940
2512
7020
-3552
3600
1492
3756
680
-6504
2120
6252
8676
5436
-6424
-20824
-6992
8660
17980
3132
-13924
-7052
6756
16748
7040
-11852
-12876
-1556
13100
10732
1944
-8500
-9620
2312
9588
6648
3504
-5468
-6344
-1392
9988
6552
-5140
-336
1416
2576
-3328
1248
5724
1740
2468
-1272
-6620
-1240
15156
6024
-12784
-21652
-1472
14208
2832
-7756
-13532
-564
3160
2096
-4484
-7600
648
1904
14580
7232
-1268
-13236
-4580
8976
1976
7344
-2004
1696
14036
6800
4516
-4908
-2968
4920
-5900
-896
1668
7096
8420
-4148
1288
-5784
1372
2108
-3400
3588
-4664
5060
4092
276
2688
-3004
-4368
-1932
-6492
3420
-104
-5992
-8864
-2052
2176
11784
700
-6016
-4528
480
3400
18160
11200
-9324
-20808
-9404
15480
18548
1880
-22328
-18256
788
15436
9988
-4900
-15360
-14868
2408
13724
9776
2892
-10092
-2048
-276
9060
2752
-7996
-4604
-2504
4172
2920
1480
1192
-10824
-3344
-9472
-228
1976
-340
5340
-3484
5448
7984
6808
6312
-3204
3180
-6604
-6016
-3384
-4104
9624
-1048
-16352
-9572
6288
7176
-5504
-14196
-8756
15060
20796
1408
-18140
-13940
2280
13936
10644
-9092
-13500
-6924
6484
7216
-4188
-2884
-7948
5344
3952
3120
-3376
-8348
-40
-1504
4832
3204
540
-4104
-9416
-2096
5872
9192
832
-7432
-5860
-4624
2092
10632
1580
-19264
-9380
12840
25936
5684
-19068
-15008
10136
19456
-1544
-7952
-9448
-64
7820
4376
1260
-8608
-11360
-4564
5008
12272
-2840
-2884
-7716
7264
6496
120
-7092
-16036
-932
292
-2308
1900
-728
-1636
-1160
-1492
5292
-1492
-3868
1804
-792
3812
-1732
-6272
-11596
-4964
10768
5904
3932
5724
112
-116
2176
3960
7760
5968
-2148
-1484
-11048
-8492
7876
8940
4872
-9120
-11524
-7492
3632
15344
7748
-6348
-16440
-3880
16764
16096
-176
-6988
-3188
4740
6504
4128
-2620
-1460
-424
-2352
-1260
-8384
-5360
-884
1024
8264
-4160
5064
-5068
-164
-380
-4568
6020
12348
5220
-6228
1956
-2456
4368
740
-3968
-8008
-11992
508
856
4992
4408
1596
3156
-2476
-1660
9128
14308
10012
-7680
-18640
4372
20416
12204
-13792
-22496
-5064
14516
17280
2500
-8304
-5912
2620
14672
8272
-2876
-10196
-4704
3948
10736
9328
-6484
-4876
1044
3812
5404
180
1416
-3256
1696
2480
820
5948
-1568
1904
-7104
5820
6340
3756
-1692
-3520
-2136
-3172
10024
2984
-9392
-10412
15148
15048
-2936
-12852
-9180
13668
11032
1980
-8764
-6488
1296
5736
17676
3616
116
-7040
-4004
2680
2900
6836
-5764
2076
1528
9428
10884
-9792
-8668
-432
2876
-16
-3940
2096
1392
3628
-2448
6100
936
-4596
-3740
-7452
2996
4260
2948
-4560
-4680
-2496
-1508
-1340
-212
-836
-6984
-6080
-4224
-6720
3044
13616
588
-7136
-9488
-3140
9152
19820
6896
-15216
-18028
-2588
12400
14404
-5196
-19388
-14304
3480
18092
9980
-8772
-20752
-6936
13840
13240
168
-3624
-2292
2632
3984
2516
-2852
-9948
1488
260
4720
-3220
4320
-128
-11340
-5108
-5920
5572
2156
4788
-4576
-1140
-2396
7092
10732
-2272
-1152
-5220
-9168
1644
1888
6028
-1564
-9884
-8388
3528
11836
-4392
-15312
-14136
11384
24724
2996
-14076
-16688
-7380
7980
7252
6064
-7676
-5648
-3364
6228
2876
-1556
-5756
-5408
2644
7992
1944
-4476
-6368
-2832
-3444
5436
-1548
2072
-11000
-4292
548
5560
3004
-4908
-6864
-1752
2024
4644
2460
-4672
-9728
3456
13384
7720
-5872
-14788
5024
12228
-960
-13276
-5484
4776
8680
4212
-5040
-7700
-7104
32
-1968
9228
-1336
-1452
-1380
-4040
5544
-4032
-1616
-6108
1192
1404
-4156
-1268
-4740
2512
2652
-2416
4968
-8116
636
-4880
-3916
1160
6368
-916
-2308
-10492
-1116
3804
3984
7316
-908
-1160
-2208
6488
9516
7092
2096
-1644
-6440
-7364
4592
2964
2416
-952
-4828
-10588
-7588
10224
22764
12532
-13152
-16880
-128
21784
12344
-8980
-13600
-824
9120
13728
5500
-9424
-8484
596
7404
3652
-9332
-6236
-5396
8588
5924
3792
-3092
-7464
4028
-7184
5504
1304
5768
4844
-6184
5960
-6864
1092
-3724
-1012
-5736
-8104
-2588
1848
11816
-2832
5360
7084
7032
-652
-6516
-5060
2568
10808
3204
3692
-3892
-18384
-10832
12904
24872
-1928
-15760
-12760
9252
14668
6744
-4600
-10984
-4624
4696
8692
10780
-4204
-12140
-1776
9584
10576
1436
-7620
-6688
-1936
5448
464
-2392
248
-1400
544
-2356
-3188
2384
88
3488
-3540
-6820
-1368
1836
6900
-6624
-9532
528
14808
3348
-19020
-12596
4856
18448
1456
-5348
-8792
1556
5580
16840
4528
-7216
-6380
-4584
13356
8060
4064
-4836
-6332
12520
8040
1776
-11872
-568
444
760
7248
-652
4900
1484
428
13352
2456
68
-6160
-4716
2784
348
2176
3632
-4764
2976
-1860
-7004
-4340
756
5312
2316
-7464
-7876
-5648
2392
13128
6692
-2032
-3088
-3368
-2248
13044
18184
-3548
-22848
-25004
2252
21040
8852
-10996
-22640
-3704
11828
11256
-4872
-12196
-9044
1304
14564
10168
5080
-8768
636
56
13268
4728
-9260
-9064
-4272
9768
3340
10428
260
-6456
-11260
-8540
7560
5352
1184
-112
-2524
10796
4144
6588
564
-6888
404
-1892
-4480
-8040
-4080
4424
9944
1984
-5968
-14500
-9120
4492
7040
10152
9964
-3252
-10220
-10832
4620
13496
364
-15352
-14984
-676
8832
11724
-6052
-14092
-6600
-1168
13296
3348
-2620
-8312
-3192
2596
8332
-2496
-1584
-6432
3176
6580
4356
-8844
-5184
876
-340
1284
-4544
680
5276
4848
-3500
-16020
936
21096
7344
-10616
-13832
5532
11160
5716
-7640
-10680
-684
-44
3928
-2736
-7612
-10420
1840
7200
8428
-10608
-7748
-672
1100
5836
-3868
-3620
-7120
9472
6284
-11440
-7508
-4560
5992
3720
-2224
1612
-9064
-2596
-2740
-40
6284
-6092
3172
-360
3576
9560
-820
2188
6036
-44
-2868
-912
-1848
5976
11148
4804
-7252
-12692
-5856
9448
9456
2844
-2944
-15036
-15184
4540
22496
12988
-7636
-18180
-6280
10368
15856
1828
-10688
-3228
3080
12004
10504
948
-5696
-8420
648
1448
4880
-7004
696
-6256
10748
2472
-3868
2292
-5896
644
-9480
5748
7304
6312
5696
-10744
-2272
-1896
1696
240
-8724
-3960
-5860
6588
6300
-1188
6756
6580
10620
-4892
-7512
5304
14372
6372
-2624
-3780
-3024
1904
-3420
360
-4636
-4584
-3652
6412
4712
6912
-644
-6100
772
4320
5660
3340
-696
1520
6116
3916
4688
324
480
-1476
-588
6796
1180
-1848
3092
-544
3336
-5024
-1156
-3564
4656
724
-2960
548
-208
1444
-200
8964
-480
-13532
-15080
6708
20496
1816
-16704
-5936
1624
13056
8280
1192
-12256
-8864
2348
10392
17616
-388
-5312
-9628
7188
7992
7224
-11868
-1152
7116
8856
7616
-3500
6064
236
-808
-3524
92
6668
508
2844
5728
1832
2544
-4852
-2308
-6248
-1296
3252
964
1304
-2968
-2132
916
-4452
-3640
4232
3324
-5740
-11132
-9012
13648
20496
-12
-6972
-11488
-4140
10356
24256
8484
-23392
-28452
-3512
19808
15472
-7980
-26612
-15672
956
16604
10100
-8396
-17032
-8960
9640
13636
3776
-9356
-5760
5648
4664
-2304
-3876
-7292
-772
-2700
8668
-3148
2036
-4120
-10820
1920
-3936
4452
828
-3056
4876
1480
6948
-1820
3512
7540
1204
-5688
-11720
-2368
2732
4528
2268
-13356
-10064
-3476
10712
-604
-11672
-12600
12960
24576
4844
-12452
-22448
352
10556
6584
1420
-14012
-11428
2148
12532
7964
-7204
-9364
-11584
9204
8996
956
-11176
-6508
2556
5820
4216
-3228
-7368
-764
596
-84
6420
-3284
-5888
908
-6092
704
-2656
1872
2704
-9404
-4920
8660
14660
-7908
-10900
3604
5980
5560
-7040
-4052
-4100
44
5872
3060
4588
-13464
-9904
-3632
3664
9580
-7580
-2936
-5636
3224
12864
-4216
-5252
-712
-3800
8396
-7144
-3900
-7008
-4272
7788
88
3556
-6024
1856
-176
-1608
1136
-1516
3544
-2704
-3940
1864
2816
13120
-1824
-6416
324
4060
3832
7832
6948
2104
-17148
-11616
6856
12308
6024
-4080
-11164
-15432
-1132
15788
20108
1220
-22412
-16068
5152
24852
10732
-10164
-13772
-7332
12736
17828
3468
-7312
-13224
588
5188
8036
-3180
-8316
-5532
668
7408
744
-6640
-1248
1800
-6512
4612
4268
8024
-3316
-6252
376
-2668
1528
-1856
-5920
-7640
-11300
2620
6804
5428
3436
-1848
5472
-2660
2180
6408
3376
1884
-8128
-2536
1328
10748
252
-15500
-9524
5284
9036
10552
-6128
-1500
-1612
4028
2004
2256
8392
-5044
-4768
404
9816
7484
-7196
-5428
-1876
10100
7644
3808
-476
-3972
3316
1980
6496
1852
-1340
-7404
-3912
4076
7288
5888
-8832
-5996
-1328
7636
5504
-6320
-8584
-1980
14044
-4960
-7732
-1696
536
10440
-3632
1204
-2424
-2788
4076
7476
8908
-7072
204
-9668
-1148
5384
1232
-3284
1784
5112
3132
2868
-1112
-1264
-356
-4088
-2716
-4504
7672
980
1196
564
1620
8920
-1876
-768
460
-24
4620
4692
3164
-4336
-3020
-372
-4440
-4936
-2028
5176
-5732
-5164
-4956
-296
13972
11064
-7264
-8488
-9296
4380
16828
21048
-8432
-28488
-16072
14912
23216
5408
-17628
-22676
540
11912
9896
-5384
-14484
-11216
2596
9636
10212
-5700
-11052
-4460
10928
6948
7008
-7812
-10604
2276
2156
6460
-2992
-2224
-6400
-2332
-6268
4052
3352
1520
2388
-6124
4900
-3440
8088
5612
-3740
-3192
-8688
-7048
-8576
-472
4784
-332
-1020
-4240
-6020
-860
-1104
-2636
1784
12004
1708
-9600
-3540
2068
3132
-1764
-10144
-6724
196
-580
-1512
-5844
-1312
-2640
-2648
2948
212
2412
-1684
-2448
-744
-860
-1016
-44
308
-640
-2088
-2380
-2508
3092
2188
-2256
-3936
-5648
2432
5200
2212
-1676
-4740
12956
17888
284
-15552
-4284
12272
7052
-5376
-8256
-1732
4392
1640
5252
-8428
-4692
-1964
-8756
-2456
-1824
6356
-3524
-1060
-3428
100
3608
-9256
-1620
-1860
36
-132
-6876
468
2240
2224
-3004
3736
-5484
684
-5004
-5820
772
-888
4344
-2580
-6140
-1788
-648
5740
7024
580
-3120
240
3720
11188
10560
1692
-8296
-13452
-2712
14580
7852
-8524
-9472
-8372
-4812
4908
18604
7380
-7424
-15000
-104
13424
10976
-4100
-8448
-3564
4564
4556
4596
-496
-1196
-4468
4380
5032
904
-1084
-8944
-2688
6020
388
6300
-3540
-7156
988
-4736
4896
1764
10164
-824
-6244
2936
-2308
-2124
596
-2812
-3624
-14924
-5268
9112
8056
9412
2096
6832
-4844
-3112
4240
4948
6596
-968
4128
1412
1752
-9796
-8760
9856
5124
-4476
-3604
-984
5476
7624
3448
-3600
-3588
-2416
6248
4972
848
-3228
-3540
4068
-760
4636
3336
292
-320
3256
3692
-1416
144
-1920
196
2060
444
888
-3224
4496
2032
-3148
-5136
1800
11396
1372
-14888
-14220
2500
6556
-3888
-19732
-6036
13500
4572
3208
-5184
-7316
3880
4692
13832
-776
-6400
-12588
-3264
6424
5560
1772
-15384
-2732
8028
10372
948
-11312
4132
-144
5784
888
-968
5400
-748
5240
7632
5284
3380
-6532
-5856
5928
3012
1732
340
652
3340
-32
-5472
-8956
656
6164
1484
-5632
-10368
-4188
13976
16692
3256
-6448
-8880
-156
8584
13552
5408
-17404
-19256
-6496
14232
8744
-12392
-20980
-7576
10592
8524
1760
-15012
-13108
1496
5816
6772
-1744
-1540
-2368
5244
-1220
6920
-2884
-5256
-636
-6904
2740
-924
4876
-5684
-12160
-5988
-2716
8052
-2044
3324
1120
-1068
4788
7284
1388
-7332
3772
3124
-4704
-12604
-12308
8876
15168
5580
-11940
-15512
-11992
-2244
6596
8320
9320
-7164
-10856
-436
8876
11820
-4068
-7776
-4900
-5596
7968
-432
4152
-3564
-440
656
-4076
1820
3284
-2276
-2144
-3452
-476
-6688
-212
-824
604
-896
-10820
3268
3216
-1836
-128
-5020
3372
-2844
6796
652
-4784
-7796
-84
10328
10592
-8864
-13788
1464
20644
1676
-8316
-11908
7052
1360
7044
-9852
-5340
-1428
7928
6056
-180
-3908
-6592
5272
1600
-2980
-368
-10060
-6224
-2388
2380
8044
-5276
-2328
-7144
1324
-6912
-3972
5732
-3020
-764
-3744
-4804
-3896
5720
2772
-2564
-6340
-2864
840
5736
560
-740
3172
1648
6756
12564
9988
-3180
-11816
-13768
5232
9756
4148
-6660
-11360
-9984
-2836
15384
18000
1344
-11064
-12504
6304
13020
9716
-4776
-10224
-3168
9484
15296
3592
-5704
-8820
-4724
3596
3384
-3068
-3536
5496
-552
4216
-2208
-4224
-3344
296
-5252
-6920
6628
9740
7104
-2420
-10180
4200
-5300
1544
-472
-9048
-716
-6532
1316
-424
7076
5524
6004
-2884
-1684
10160
12860
3296
-12144
-1908
11900
12160
-4020
-19196
-3336
7632
13640
2332
-2988
-1908
-3004
7072
7300
2536
948
-2816
-4324
-1676
3412
3220
-2216
-3464
-2440
3488
6928
-776
-84
-2884
2904
4500
2052
5744
-7536
-3744
-4632
10004
8032
116
-5916
-11088
5184
16616
13356
-9300
-26612
-4856
15588
11216
-12580
-14592
2172
5384
10108
-1996
-3568
-13824
128
5416
13216
-24
-4912
-5932
2720
10796
1816
204
-11028
32
3896
-396
-1708
-4628
8508
4460
2336
-792
3488
8800
-4052
484
2052
3192
7236
-7368
-2972
-2696
144
4540
548
-2448
-1004
3700
-1588
-5460
-3796
-3908
-2868
312
-6616
-480
11884
1768
-2724
-6440
-1684
6212
16948
13688
-10924
-24808
-14108
13932
22096
1604
-18736
-14980
3032
15700
11896
-9340
-15188
-15112
7024
13972
14196
-2076
-6160
-10360
7884
9232
1352
-5632
-6396
-412
-564
7200
-260
344
-3992
-8068
-956
-6064
6580
3644
-2772
4104
-3664
5040
-1292
5744
4384
-4188
-2548
-12532
-1148
3672
152
-9744
-10096
-4944
6552
4680
-15528
-14288
-4380
22500
18604
-4664
-16928
-18456
6756
13316
5992
-8648
-12808
-2856
3568
7756
3748
-4356
-3976
-4980
2452
-1072
3512
-864
-936
-1692
-1632
-2184
-832
-100
-3596
-3072
-548
5436
508
-3548
-5776
-3812
10608
13660
-3496
-21000
-10776
14780
23484
3868
-19696
-10928
10160
17112
1148
-12796
-7292
-3316
4040
11000
-3108
72
-15464
-7404
11060
5948
4568
-14660
-8088
2340
5400
1156
-12544
-5200
1228
2388
6932
-5252
-1080
-712
1348
2460
-5812
3124
180
-644
-5112
-7260
1036
4048
740
-5412
-4344
-1880
2116
6332
6504
-3352
-5276
3252
10532
8948
284
-7924
-14916
2900
19652
9096
-8624
-18416
-8680
-3508
9652
17344
6076
-5164
-15560
-1692
14176
18988
1460
-13644
-7212
1904
15720
8844
-648
-7596
-9296
2844
4844
652
-632
-4628
1352
-7008
5424
48
3652
-7800
-6468
1516
-100
15444
5628
364
-3924
-4008
2304
-2480
2592
-4928
-10324
-3720
-5080
7216
-2304
4544
1312
5576
2912
-6048
-2248
13848
7636
-6800
752
10708
9592
-9596
-19868
-4244
7020
16916
8492
-2804
-12680
-7204
6736
12008
7024
-5336
-6400
-1132
8308
10132
3344
-5144
-2324
1152
7420
-2776
3368
2156
-2260
1656
1980
5520
-4572
-6220
-2248
5004
6592
2768
-6756
-10900
-4284
9700
15444
8
-17664
-17788
9608
23228
-2632
-5136
-8092
5856
8892
-360
2168
-11524
2380
4868
12948
4096
-2636
-1872
-7596
5672
1908
-1008
-5568
-13256
-1408
11740
1636
-5408
-13272
5540
9176
-1064
2600
-4836
3428
-256
5428
2368
2460
8684
-240
-2220
-3180
-1872
3056
436
-764
-2116
-9128
-1972
1872
5632
3880
-5376
-4112
-444
10508
11832
-3092
-8480
-9656
904
14096
18444
1916
-24320
-22632
-1104
19032
11400
-6164
-19952
-13252
4880
14988
7160
-10236
-17860
-3428
8728
16900
1272
-8160
-5768
1680
10864
-2020
-228
-1976
-1300
936
6632
-1736
20
-5840
-3580
-8852
-3404
8280
-1188
6276
-2588
-1208
8308
4492
9296
-7276
-4464
3176
-112
-2016
-14696
-4148
10124
7608
-4808
-10040
-3844
-564
-6144
-1172
6020
8588
-1524
-10784
1480
-1540
1312
-5236
1672
-1608
-3760
-116
-3684
-1600
484
264
1724
-3948
3280
2004
100
1716
328
596
-1400
-2948
-244
-696
-1632
-844
1012
808
100
-2564
-3040
2756
6012
2320
-2852
-7252
-2344
18636
14600
-4024
-12960
-2876
9136
-320
-7188
-4432
3868
2932
840
1464
-7152
-5396
-5672
5016
2684
4492
-2732
-9196
932
-408
7224
936
-7516
188
936
-3704
12
-2980
4416
-5900
-2912
4928
1900
1372
-5160
-3848
-4068
-232
3336
168
1156
-616
5408
-1692
-5800
916
3176
4312
2756
7328
7584
4752
-2188
-2740
-13440
-3828
13376
7792
-2136
-4248
-14152
-1824
15336
18972
5380
-16152
-18168
5468
22276
13064
-9388
-15644
-2736
8476
17264
4944
-2608
-7424
-7184
7032
6952
5488
-11108
1940
-872
7064
2672
-7356
-5692
-4084
-2968
2480
3896
-2892
7068
-1508
2228
3332
-6856
3760
1776
1008
-8224
-4420
5488
7604
9128
-2868
1568
5284
-1436
560
-4
3400
7560
6416
8616
-1484
-5688
-13028
-2780
12848
8412
-5336
-8348
-912
9432
11612
-1384
-6248
-1836
3744
3980
3872
-1720
-7748
136
4240
9408
-1592
-376
-3960
-1108
3396
4976
-336
-2516
256
-6960
-2696
1796
-468
6836
-2056
-3972
-3280
548
2524
3468
-8964
-13328
3212
16364
8628
-15988
-11208
4356
10188
3592
-5480
1140
-3172
8612
4128
3440
-5976
-8384
256
2064
9948
4
-3116
-7816
-1600
14520
508
-2656
-276
2604
7708
1376
1548
740
5212
-8692
4964
4856
2340
2744
-8384
-848
-7792
4588
4376
1588
-2456
-8160
-2884
3928
56
-6064
-4688
-5340
-1640
-3960
-2132
8712
12160
4148
-1508
-5580
-8296
9076
22252
-1424
-25724
-22748
7624
25440
8252
-17172
-24036
-4856
14432
9664
3560
-14476
-14280
148
7180
9640
3092
-3488
-660
-4528
7380
-1088
6012
-6492
2212
2996
1184
4568
2020
1384
-13592
-8752
-860
9536
-1728
236
-1604
720
3820
-108
12380
2900
-2252
-4768
-9076
-220
1752
5344
1832
-5540
-10920
-4032
2728
-2396
-9268
-1168
11200
13068
-4132
-7348
-11952
-3844
5668
1576
2148
-5644
-4964
2824
-884
-2344
-3520
716
1216
-792
556
-3184
-2996
-3920
772
-2292
-624
868
-296
1132
-3912
-2660
7480
1340
-400
-6196
-7308
3332
6872
8824
-6140
-10764
-5452
13404
22140
-10876
-22180
5036
23136
8396
-8616
-20060
1908
3452
13572
4508
-11448
-11840
-7840
15568
7712
3304
-14712
-14088
3640
5024
8740
-11956
-10864
-256
3268
9772
-10052
-6200
-4408
3480
5096
-3472
2156
-312
2580
-2856
-3156
-2012
2256
2308
-1548
-924
-3000
-1220
7500
3048
3088
2440
4812
5124
-184
264
-1592
-7388
-10292
3928
11332
5180
-2116
-6140
-17588
-4168
13360
20784
4372
-15652
-10704
6004
23872
11160
-13092
-19220
-5376
12680
19604
3372
-10108
-11128
-2720
9044
-368
-264
-8512
-1760
1844
6888
712
-4976
-2396
-5356
2276
960
9184
11620
-2268
836
-6544
108
-2600
4828
-4232
-8280
-10848
-724
12432
1876
2480
-4552
2236
4168
6256
15668
7648
-14108
-12960
3040
24544
20692
-11396
-27324
-17576
12396
21324
10076
-9376
-15516
-3520
11432
10292
2300
-1456
-11596
5036
6456
4528
-4436
-1928
256
1396
5420
3528
-1152
-1456
-6384
5196
4028
6640
-2516
-4968
-10464
2596
10860
2332
16
-10656
-592
7120
9408
6572
-17268
-15344
4348
19904
1836
-17072
-10896
2256
11396
8652
-3292
-3384
-8644
5944
13500
7452
-6672
-16348
184
5100
11860
5164
-12388
-5456
-2672
12108
3140
-3920
-3620
-1884
10780
-3504
6172
2892
-3552
1080
-3668
9412
1472
-432
-3768
-432
1236
7928
4812
260
-4272
-4456
4044
-2128
-2464
2500
-3036
-1764
-2940
-216
5376
10708
-276
-352
-2012
-640
380
10860
16128
-4016
-24012
-14720
8320
19148
9016
-15400
-15892
-1444
13540
6040
-2040
-13688
-16368
6268
15548
1784
1028
-3532
-4716
3116
-2844
7224
604
3752
-2940
3836
888
8652
4904
-9228
-8448
-4572
4844
7000
-884
3760
-3044
268
9028
2284
3900
-4776
-8432
-2480
-4484
-4108
-2316
3088
1148
-7036
-2076
3720
4552
-14072
-15808
2260
23552
11836
-8976
-17500
-13384
3084
14916
3516
-8940
-13548
-6984
5692
3548
3212
-4872
-8340
3880
3788
644
-10520
-5512
-752
7572
3092
-1404
-4268
-5044
-1208
-1076
9580
-872
-520
-9908
-6200
2696
6696
8748
-2096
-5112
-11304
4244
17116
2672
-8228
-10256
8244
9000
-204
1580
-7260
596
1908
6920
-1752
-6164
-9824
-984
-5828
3956
-3048
-11128
-3896
-7884
6196
-1044
-9076
-1364
-364
7372
-5124
5348
620
-8576
-8724
700
6604
-440
744
3612
-5500
4892
-8916
-1500
2644
1444
-4760
-756
4308
7732
-1804
-252
808
220
9856
10676
1952
-6880
-15632
-184
13292
5028
-1760
-17932
-15072
-4060
11824
23092
12672
-12212
-17744
-1904
18460
19324
-3088
-12384
-4868
10144
15444
10212
-5296
-6792
-2336
3016
-1356
-2092
-8180
-212
-92
5020
828
-6424
-1576
-2692
4208
-7252
1436
10012
3956
3224
-8796
-1108
1848
-1556
1396
-9684
-1676
904
1644
2572
-3316
6388
13424
-324
-4832
-8984
6200
11920
3840
-5268
-2144
1208
-4580
-9500
-5900
-1376
4384
860
88
308
1036
812
-3168
-724
-4492
7548
4132
7244
-644
-6508
-1728
3260
7804
-156
1068
-5532
-4460
156
10712
8120
-640
-508
-4564
-736
1716
3232
3224
-304
900
-3604
788
-552
7072
1880
-14384
-12852
8432
11972
-7076
-17464
-4084
8876
10248
-968
-3712
-5076
-3348
13212
5212
1628
-6152
-2644
88
7552
-924
-1664
-3752
192
9140
2280
348
-5088
8252
3536
-6596
784
2312
10536
2332
-5988
-3812
-3232
3116
-3432
-3564
-980
-280
1520
-108
3792
-2820
-9204
-2292
4000
-3308
4612
-344
-5132
-6880
-4956
9020
14104
1284
-6576
-10100
-1148
6888
25696
10124
-19960
-24008
-4200
18220
11924
-3832
-22620
-9844
8464
12044
2456
-11720
-17792
-4888
10424
14064
1060
-6204
-2792
9004
11136
-2008
-8788
-16608
2968
5380
11364
-256
-5788
-2872
-9316
-680
-948
5416
2268
-4632
1748
-2716
7952
12216
4900
-1540
-5392
1680
1240
-2768
-6356
-9192
6608
7700
4772
-14484
-13360
-7068
3184
17104
14428
-2528
-21424
-11632
8972
14172
-96
-15948
-16748
-1484
14272
10920
-2256
-16164
-15740
5188
10960
10532
-5376
-13408
-6032
1604
11680
4580
-7044
-5884
660
-572
-2292
-1804
3164
-4516
-1840
36
4
1388
-1560
8116
3144
-7280
-908
11576
16036
-12120
-8008
-2060
9276
7716
-6500
-5776
-5576
5444
-752
1860
-28
-6436
-2764
-2724
7868
2532
-3492
-8136
7632
-420
4904
-6152
-9500
4540
176
-100
-14280
1148
9236
-584
-852
-11196
-44
1168
-4632
-2236
-3420
396
2868
84
1240
-6468
-1016
624
12368
4452
-3816
-3556
-756
9580
6704
5188
-4724
-14788
-4580
6024
10716
376
-3416
-7372
-10828
-212
15928
16308
1364
-10376
-9504
2220
12928
10280
-2152
-10244
-2360
4468
13164
10976
-3696
-9152
-8700
556
12520
1836
-3728
-9704
-1112
4052
4192
3324
-2024
-8260
-4968
268
14836
7344
-1728
-1216
-5368
6352
-5316
-5160
-844
-7340
1800
-1128
6580
1828
-4140
6780
944
-108
-9200
-5192
8272
5952
4216
-5608
2000
6064
-4032
-13788
1436
6484
5496
-2752
-896
9628
5124
1900
-1020
-1132
3020
2248
6912
884
-4072
-4536
-4152
8012
2440
1624
-7384
-6968
4520
9508
6568
-5108
1856
2916
380
-1196
-6760
2164
4168
-1328
1796
-2488
-536
3828
740
-4488
-12196
5144
9856
-2280
-12480
-10716
7148
7412
5132
-6356
-5428
492
552
12120
1120
1636
-2628
1396
11044
3052
9224
-5248
3584
6020
12748
-7412
-7452
-7640
8052
1436
-2880
-2296
-8252
-60
4332
852
4920
592
7224
1756
-4116
-2188
-4340
232
36
2968
-180
-4664
-2092
-4136
-556
3696
-2776
-13264
-11276
996
16308
6112
-4444
-5404
-7196
7992
25756
13864
-16032
-25152
-7392
22728
23164
812
-23976
-13664
10940
12400
3600
-12872
-17788
-7012
2272
14556
4032
-8244
-7228
1720
9424
160
636
-9812
-464
5196
-328
-2472
1036
-1684
-3540
-14984
-4892
4464
2616
4224
-6148
2272
4296
4232
5596
-2816
4160
264
-5628
-3268
-4600
2316
5048
2032
-9476
-7260
2340
4744
2816
-11652
-3580
10260
12076
1564
-8592
-8276
1632
6872
5192
-4352
-5916
-4464
4884
5404
3092
-3176
-4672
-3464
2600
3768
-3868
1136
-8028
1164
2500
6256
-604
-2628
792
-4988
-772
6380
4588
-2148
-3640
-2688
-288
10076
296
-12680
-8520
13452
12544
-1928
-14868
-8484
14148
8020
-224
-10184
-6708
-284
-3316
7904
-352
-2996
-7928
-9516
372
-3128
-1600
-10380
-7628
-1632
-1912
-2540
-13988
-2312
2120
5192
-3244
-152
3152
6480
-8156
-3412
-3096
-3032
-5800
-2024
3076
480
-404
500
-4348
-3044
-5120
-1648
3916
3968
-1324
684
-876
3288
4872
6380
1948
-5368
-14520
-11648
13216
13240
4796
-12476
-21368
-8208
12804
24544
12472
-16112
-22204
1384
17864
16756
-2112
-10220
-6464
7856
13764
2256
-4212
-6032
-6156
3472
5048
-764
-3332
-4152
5056
-2108
11116
-8052
-1848
-5084
-3960
3820
-352
10720
4180
-516
-6864
1508
-1836
-16
1100
-6232
-4244
-5752
1716
3576
3116
4444
1332
-964
548
3632
12556
1296
-7640
-7348
6184
9700
-1000
-13612
-13080
5016
13248
8404
2576
-8744
-2468
6940
7072
3664
-1636
-2536
-68
-2876
4476
2396
2152
-3472
3472
612
-572
5744
2240
-3660
-1916
-1020
2788
2884
1376
-8424
1352
6428
1648
-28
244
1724
372
3024
1560
-8044
-13992
5664
14104
8400
-10540
-17388
5360
9012
10984
-3272
-8652
-1740
952
8424
4540
4556
-6304
-3412
860
-316
3748
-2724
-5336
-1236
7736
12588
-292
-172
-3584
9352
2420
-6580
-1064
6408
-1336
-168
6752
-1864
2944
1540
-588
-3472
-6472
5996
9728
332
4264
-9060
-6204
-4132
3088
4996
-152
-9644
-9264
-128
11204
10648
-1440
516
-2224
-3112
11776
21084
5548
-23836
-22316
1084
20444
13312
-12036
-25068
-4344
12524
15104
268
-14604
-12008
-540
12560
14084
6664
-8612
-3028
1192
8156
-1900
-1320
-1044
-5376
7432
1856
10764
528
-8548
-6516
-8784
6292
5380
-1956
-10004
4608
2408
8048
4924
-2548
3188
-3160
3016
-7244
-11624
-4680
1752
12808
-2152
-6448
-2404
-1808
2068
-5360
1152
13424
8720
-7444
-14064
-2692
1456
6880
-500
-3684
-1852
-3720
2356
-108
-6816
-2856
312
-1276
4188
-212
-2456
-272
5064
-2840
-3348
-1572
1480
892
1692
-7860
-4476
2044
2112
2380
-1728
-1284
-5060
1816
7136
1440
-9332
-8512
14044
16580
576
-16152
-3488
14472
11928
-4700
-7920
-5912
10016
5892
1744
-4868
-10940
-6372
-6728
6828
212
3016
-10620
-6672
10008
-632
-5476
-14900
-4260
6776
-3356
4724
-5760
692
-720
-2428
-304
-6900
-6696
-3232
980
2124
3172
-2712
-7492
-6392
-412
6508
7500
5040
2828
-228
-1496
824
4068
10044
3000
-8700
-13084
-7664
9376
9632
972
-5792
-4968
-8724
-5488
18232
14256
-2508
-9944
-7956
7588
17252
2028
-10540
-5852
3712
15616
11200
-5448
-6796
-6868
3612
7136
-3864
-1264
-14056
3584
-3128
6288
3120
-3564
-9200
-5636
4400
-132
9948
7332
-4388
-100
-5384
1376
-5008
-2840
3728
-6740
-3856
-5552
6100
620
5684
8284
11656
-5452
-8052
2692
2560
3028
328
1604
5428
-8700
-15620
-6552
12464
13068
176
-7524
-5576
4972
8824
8564
836
-7608
-3940
8088
9380
3892
-3800
-5488
2620
6256
5220
4888
-2076
-3192
208
3496
1112
5180
2224
248
-4932
-1808
2652
3388
3396
448
-2960
-6540
-3760
9248
1424
-7684
-11312
5264
14852
5212
-6040
-9952
3820
6560
1596
-1424
-2692
-6748
4304
4432
11996
6076
-5056
84
-1224
16916
5564
3252
3016
-164
8068
-3616
-5052
-4496
3044
10508
1528
5204
-1388
-536
3576
-200
7784
-1320
3696
1452
-660
2100
4148
668
4980
4836
-936
-288
-4044
-780
3192
1232
-6372
-3692
-4908
7664
12084
168
-5428
-4108
-4792
5856
16828
15652
-12288
-27948
-14460
11024
17180
2412
-14528
-10188
3276
6988
6924
-4152
-10860
-7028
4304
11332
6340
-6628
-1284
2428
10008
-3052
-7688
-3508
112
4560
-4992
6764
2792
-2844
-5508
-14844
-3288
-1428
4588
4768
-3660
2028
160
6628
9416
5296
96
-9088
-5544
-11552
-8296
-8524
13620
7576
-10068
-12220
-4132
968
148
252
6420
7292
-2164
-12116
-3440
4136
472
-920
-8000
-1760
944
372
-2632
-5684
-5168
-5364
-748
1940
4360
-2976
-4136
-3288
4584
1176
-2200
-7512
1708
1680
564
-4584
-3812
1336
-196
-1452
-3724
-96
5988
5820
-200
-8132
-6004
8448
18096
4040
-19320
-8680
8368
14908
1588
-2936
-4316
-3252
1176
-5732
4284
-10444
-7400
-5432
3840
4164
1336
-5168
-4936
2512
-7308
1552
-7460
-864
-3184
-6288
936
-1792
6172
1884
-9128
1132
-3972
308
-6692
-1492
1632
-4432
1560
2976
-1652
1116
-536
520
9120
1240
-1268
1264
-396
564
8016
3680
-1508
-13176
-10660
3004
8036
5872
-1884
-6004
-11780
-9812
12696
23564
4680
-14476
-16388
-1804
22748
11384
-9040
-21608
-5640
11076
13516
5928
-7472
-11824
-6344
6096
14004
-4408
-9672
-12064
5312
7460
8132
-4568
-7964
-884
-8380
1256
820
11400
6068
-8068
-1012
-6908
5008
284
-4832
684
-9028
-2276
4704
1888
12420
5920
-752
-4936
-7820
7608
10920
2796
-7320
-5872
6804
17080
1468
-16560
-16820
1768
12688
14356
8276
-9156
-6524
112
8464
8268
6312
-280
-13280
-8052
4424
7996
11024
-1376
-4168
-4960
9436
7324
-2372
2528
-5344
872
5592
9768
-3208
-5292
-1788
4176
6856
6864
-8428
-3808
2368
5016
9128
-2740
-15492
-12788
12012
14260
-4852
-16356
-10256
10516
12612
6780
-6828
-6000
-72
3260
10184
-10476
1644
-160
5028
-1420
6632
-3936
-1100
-1516
5128
6772
-4688
3608
1560
3424
-1852
-11464
1648
6864
10168
360
-3600
-1108
4196
5476
-3112
-5172
-5080
2788
1984
6228
-1220
-2880
-7904
3140
4632
760
-9436
-7748
-1792
1380
10416
5860
-5444
-2156
996
2052
12056
16804
3076
-21736
-16152
4280
17356
10136
-16204
-21724
-3724
13436
11972
932
-19920
-20004
-720
12784
12636
-960
-4964
-4900
-720
3984
7352
-5348
-2084
-6012
4768
-4792
6664
5248
-4224
-4264
-8308
-1200
-1912
1516
6328
-3740
-1540
952
5580
5920
1252
-1344
-9968
-1428
-1652
1520
1388
-8276
-6920
-5372
2472
8232
-17300
-19912
1628
26088
23384
-6552
-26072
-15432
-1468
15480
10924
-6624
-22600
-12132
3500
13880
9096
-1236
-11928
-5840
-744
4796
2560
-1096
-4528
-5228
1984
4640
4492
-1108
-7376
-2572
2076
5164
-956
-1500
-8108
-3404
2572
13172
2500
-11956
-17008
2500
23164
17924
-13272
-19728
-2360
22700
10600
-8264
-15456
-8880
-500
5872
2264
-6016
-10572
-7184
-1416
8608
2148
3252
-6360
2928
6212
-24
-5616
-7496
-376
4936
-6824
1676
-4980
-1532
920
-6032
1616
-8792
-2288
-1072
-2768
-2544
-2924
6540
4388
-2132
-340
520
-1084
4568
4620
-4
-2088
-2316
8620
6536
2352
-2092
-14844
-9184
10660
4556
308
-5860
-10900
-12996
516
17128
13888
-660
-12500
-7584
8888
16772
2652
-7024
-7436
3124
5360
7256
3000
-8196
-9608
120
6136
804
-7028
-6476
-4412
4348
3424
7164
-4600
-7600
3440
-8776
6000
2076
8452
3212
-6072
4748
-4340
-316
-8292
-3560
1400
-2396
-688
-4628
-1272
6768
10852
9768
-1744
-8168
-828
8508
10152
-3356
-5456
6228
9108
1228
-15916
-516
12604
9444
2860
3392
-2520
2592
196
7296
2324
3876
1312
-1408
-188
2132
4784
-2796
-4144
-252
340
-2584
-2352
-1336
140
2612
1056
3272
3468
-1228
-5512
-384
1700
6076
3616
-4136
-10336
2720
13412
6796
-13840
-21928
-1044
12368
9364
-10972
-11836
360
-1824
7352
892
6272
-6704
656
11768
6504
4276
-9896
-828
-140
8328
1824
-9372
2448
1404
9960
-4252
-6000
-2464
-1980
-924
3576
-4868
660
-7404
88
6044
2312
1600
-3084
-2680
-688
-1780
4328
-1264
3324
2152
16
-1328
-1908
-2296
-612
-2244
128
-3520
-6212
-480
16152
11716
-7828
-11344
-4152
6988
16004
10440
-10400
-20712
-6836
15668
20072
740
-17532
-15096
300
7244
7836
-4848
-13668
-10872
-1072
7940
8196
-3224
-4480
-608
-3620
9380
-1244
272
-5644
3268
2712
-288
9188
2068
-5012
-14472
-1748
5860
9804
-2580
-2512
5288
3756
11772
92
-3456
-3820
-4452
6604
-6544
-12900
-9604
