16000
16223
-11628
-5600
6236
5780
-100
-10888
-7376
-5864
1252
6980
3852
-5348
-4024
7560
6472
1300
-6148
-340
-5932
8240
4832
4532
232
-12192
-1960
6784
13492
-4876
-7416
-1188
8880
9664
-8732
-6776
640
-2604
7332
3300
4948
3732
-6212
416
-1476
10212
5964
216
-9524
-196
2268
4412
3692
-5204
-3800
-2764
8040
6168
-2824
-16176
-21160
-7940
7936
16748
15600
2248
-19080
-17700
-4552
24956
17848
-8808
-27948
-22968
7056
26620
13832
-15332
-29100
-15540
13280
18744
4224
-21656
-19488
-2600
16588
8748
-3688
-7420
-7296
1192
9812
864
1000
-16384
624
-1204
4864
-484
-2280
-864
-7672
-3844
-5348
-2924
-1164
-2992
9984
-56
-1000
448
4692
11732
-1452
-4012
-13976
-10084
1632
10640
7292
-10380
-16064
-6864
4868
-1468
-7684
-7344
-1148
10664
11364
3820
-16416
-17072
-1640
9116
11028
-5636
-7552
-9372
3036
4896
-676
-9108
-9168
-5720
7964
3544
-5012
1588
-544
-1000
4808
-2636
-3116
-8024
-3808
4512
5960
3412
-320
1836
-2140
3608
7600
-776
2272
1892
3252
-2168
-2604
-212
-5108
2148
-3864
11496
8364
-2484
-11828
-6312
7820
9248
-7564
-4848
-13688
-616
3616
11000
6520
-12664
-10328
-2824
14000
3768
-7384
-7648
-8632
7352
-2424
4364
-3860
-5492
784
-5240
632
1720
-844
-376
-6392
3268
5784
632
-920
-7496
-1124
6008
1848
524
-6188
-9404
672
19124
24420
332
-21268
-26044
-1808
13944
21104
15132
-7676
-29908
-14904
10464
24896
19124
-11152
-25848
-7760
16712
18364
7156
-12964
-9696
1816
6360
12052
6180
-9852
-6880
4976
7820
940
-10376
-4704
-7712
8412
9976
1944
-5168
-8728
3868
-1016
8276
776
3556
-2924
-4472
6352
-5568
-6004
-6940
-2596
4644
-9240
-4660
-4400
10836
15520
6184
7880
-1800
-10952
1428
13136
11748
-3068
-10868
1924
8764
12452
-3660
-16168
-8736
3300
15796
9804
-3072
-9528
-5584
4408
9356
7532
-2552
-3776
968
8996
6900
-8484
-1248
-1060
6384
1224
-1064
-1404
-296
160
3332
-1276
-1240
-5032
-10396
5460
4624
-4076
-1184
-5152
4228
1752
-2384
-3872
-8336
3648
6032
1648
-6176
-220
240
-9672
2440
3896
6108
-4564
-9936
864
7352
12844
-2948
-9588
-5376
12152
4572
4928
-4732
-8424
-1124
5580
8516
-6912
-3196
-1520
-4320
-2296
-7976
8024
5300
348
864
-1180
9144
1540
920
188
-4584
2768
-900
1232
-1740
-1608
836
1440
784
2452
-10212
-19004
-5944
4108
5908
16684
10800
-11008
-17056
-11568
23076
22160
-1816
-26032
-26280
4416
19668
10372
-6000
-20788
-5816
9312
11348
-4524
-6136
-8012
-2900
2464
2068
-1844
-5684
-2008
9684
8240
1652
-2692
-8364
-2780
-1016
9032
-3032
1648
2468
-4324
-9564
-12232
4868
8768
2184
1632
-6540
3684
1600
10396
9948
-3504
-7956
-5616
-2460
-1112
5876
1672
-3644
-812
-4320
4128
-472
-4360
-9732
-948
11996
16044
2612
-12148
-14068
-5472
7264
6408
-2684
-6660
-8260
512
2812
2968
-3452
-9528
-8076
3424
10068
3696
-8000
-6168
-6112
7060
5688
1160
-516
-7760
-7816
1564
3580
1128
-2584
-6344
-244
6860
6488
-7972
-7684
3016
17128
11712
-7932
-12532
-4776
12044
9688
8936
-6932
-18152
-3224
2768
19064
-2524
-8636
-12312
-4688
14792
3016
-6872
-14500
-4600
3108
9136
-7052
-4004
-6172
-96
7856
-7512
2244
448
3832
-808
-7724
6516
-3564
4536
-2100
-7304
572
1364
5396
740
-6184
728
-164
4540
6548
-2736
-10248
-10036
12696
26096
16684
-22808
-25352
-8584
12388
24012
19980
-9800
-29376
-9856
18836
27772
14824
-13852
-20192
-788
22296
19812
-1352
-19340
-4376
11792
9836
8296
3584
-6280
-3460
328
8404
8900
-5364
-11372
-4124
208
9212
7248
-6092
-2436
-3008
3172
-1760
5728
7080
5144
1424
-7304
400
-3656
-3900
7000
-2288
-976
-10608
-4564
7936
14184
10872
-4920
-16384
-3160
15656
22260
2824
-16692
-11524
10940
24248
9916
-20840
-27144
-5044
22136
20484
-4004
-16020
-13072
7268
20868
8120
-4112
-11124
-764
6756
14384
4072
-11060
628
-1536
8164
5364
1988
-5088
-10652
24
4884
9380
5136
-1784
-6928
-6736
5760
10804
2240
-10100
-6084
4756
4368
-540
-7176
-6628
-800
10232
2272
-4888
-12704
-14008
5552
11820
11452
-8312
-13080
-5424
7344
18488
3808
-2984
-15144
-5688
9192
9332
6604
-10236
2492
6052
-2268
-1476
-8848
-1732
7560
-3020
4888
-1064
3184
2388
-1472
5992
-680
3268
-3324
-4884
576
-3496
3836
3888
88
-3856
-13972
-3868
8564
8676
-8492
-20344
-10568
6928
4108
13520
16016
-7116
-21844
-7616
25688
17216
-6868
-24908
-19312
6596
19452
4268
-15988
-24980
-4812
18572
14200
-4560
-10748
-9876
1184
9012
4180
1056
-9584
-3264
2608
11528
1120
3092
-7416
-9900
-624
1768
11756
2900
-3404
-6920
-6724
-12296
10564
1976
952
2868
-2124
6876
1240
8140
9200
-1096
1612
-13448
-8868
-2072
4068
4120
-5200
-9304
-1084
4968
-2144
-9200
-10812
-4896
17208
16616
9496
-14600
-16204
-708
13900
11196
-2308
-18588
-10152
4080
13576
4844
-16644
-16720
-5436
11136
4860
348
-8360
-9292
1976
4132
7444
3640
-1980
-6380
-3304
4076
3660
1552
-5816
-7396
936
3024
5932
-1012
-3792
-4348
9912
7936
-2776
472
-1332
1116
6188
11856
-752
-7620
-8256
-5040
10012
1812
1652
-12244
-5936
4948
1444
7672
-8740
-3924
-7100
3604
5080
-4816
-6668
-11056
6436
11184
-1256
-6628
-736
1328
-560
8004
-4320
-3396
-1844
-1856
416
3900
10208
-552
-2424
-1708
548
3636
3112
-2392
-6808
-300
6704
16856
16000
-5952
-17308
-14348
-4456
18020
19304
6256
-22880
-24188
9196
20004
17448
-9756
-16568
-4788
9116
20896
7636
-14816
-11956
1768
12380
10512
380
-8372
-11220
1176
11352
6148
-6012
-9140
-8920
6948
2364
6240
-3484
-476
-2444
3740
-472
-6792
7604
5652
6152
-8696
-3992
-10048
2912
5324
-1784
-10908
-12772
2848
13972
10124
-2568
-6384
1336
5888
8016
9940
4044
-6120
-4388
9232
20888
7892
-11088
-25372
-13568
12268
20212
6824
-13744
-11472
-1912
17240
12748
-4904
-12012
-8048
9176
16204
8840
-7644
-4072
-1320
5392
5384
1388
-5912
-5212
-1520
3348
8872
4588
-4256
-5324
-1792
9464
300
-1112
-6516
2500
7984
3532
-2384
-11404
-4052
9488
8340
-460
-792
-8088
-4488
-2128
12448
1744
-3852
-10132
-5768
7676
4156
2600
-5320
-5336
1312
64
6252
-2380
6116
-2728
2996
4928
-5552
4444
-3188
460
-2412
-2116
8860
2804
1548
-6424
-1036
2756
12192
-1468
-5596
-6664
352
8468
7152
1464
-6680
-11192
3036
5764
10316
-8012
-18560
-15520
3068
12952
16864
7948
-1864
-14632
-14980
13632
22304
1984
-16772
-25536
-4048
16108
9876
-9416
-13812
-10572
9696
6136
812
-9572
-12784
-8728
5876
15424
2984
-8704
-7156
2428
11336
2228
-2336
-8132
-1444
3912
504
668
-3100
5520
-756
-3716
-7484
-5592
4724
2452
8420
824
-8232
-3300
7876
8260
6820
-8408
-12776
-11592
-1924
3220
4744
9732
-3464
-11264
-8400
-936
-128
-5564
-3824
-5004
7512
8400
-2956
-10988
-4380
2344
5756
532
-4592
-6728
1084
2848
6576
-304
-3316
-3644
3676
-4
-5996
-240
-3776
5392
2844
-1572
-3780
-520
568
-1864
3948
3164
5008
-1260
-4400
-6648
904
6896
6152
-3924
-10276
-1632
9036
5876
-1804
-4952
-2172
4840
12452
1224
-8968
-10636
-3116
12968
1676
-4792
-10292
-5648
9960
12712
9404
-9392
-11216
-11092
9276
14048
-5588
-10224
-10428
5600
9200
-1460
1860
-14612
-2592
-4336
748
9444
-3320
2824
-3256
1188
4524
-1976
-328
2420
-4976
5984
-820
-88
1920
-492
-352
4788
12016
17380
4876
-10268
-21264
-13348
7836
20864
15580
-19552
-29296
-6076
27732
22572
4520
-16176
-14800
544
21328
16060
776
-13488
1896
8088
11644
-532
2180
-2384
-6640
5532
-1196
1112
-6896
-5108
3076
4440
8608
-10296
-3456
-1180
3600
-572
-1256
7928
3352
6308
-5696
-6268
-40
-1848
5596
-7400
-6756
-2800
5816
4448
7760
680
2440
3640
-5216
-1616
4568
4116
6992
-316
5476
1400
10532
4160
-7380
-12416
-2880
12060
11064
4968
-3176
-8696
3760
4424
6988
-3376
-11324
1276
3388
10440
-232
-6324
-3700
4132
8368
1824
-5312
-3036
-3264
3548
2372
-580
-3044
-3044
3008
4492
3780
-1876
-5668
-704
2644
8860
-560
-5412
-4364
1144
1152
624
3964
-2020
-8376
-4184
5276
14000
-2484
-9228
216
6004
4008
2100
-11004
-612
1340
9172
8192
-3108
724
-5752
8024
12736
5072
584
-9976
4756
-3760
-1280
-1484
1120
9588
-92
1124
-1208
4056
4460
-4228
-1488
-4528
-640
-4068
-2984
-1332
-2152
-4824
424
8176
2076
-14668
-12444
-3868
8532
15068
15484
-3052
-17800
-20160
9084
31396
12792
-14976
-29452
-9316
14984
19828
-1164
-16780
-18760
2696
18064
8428
-7440
-16972
-10364
5188
7324
5104
-4688
-10196
2816
5240
9396
-6100
-6828
-7756
744
12428
5792
-1796
-6176
2248
-6668
-6176
-1724
-6464
6432
1432
4964
460
-6508
7200
8612
2464
-4180
-10892
-380
-3120
2628
-1228
-8640
-14692
-2828
8956
7436
-13992
-16084
-180
14368
21572
7108
-12924
-17140
-5724
13352
6260
104
-7980
-8668
-784
10380
7672
-8524
-11688
-8196
2112
7944
-5848
-5792
-6164
-2064
-2308
5960
500
-4560
-5744
-3224
5712
7864
2184
-4836
-9084
1740
3300
-164
-884
-1808
180
3620
5200
1732
1704
-4500
1812
5116
9732
8032
-12868
-7328
-4012
13424
11088
-6448
-13360
-12780
7216
14552
-3188
-5384
-15944
1772
10732
10032
5304
-15316
2084
1360
6504
172
-6920
4912
-5536
-2188
3236
-420
4140
-10700
-5480
-3680
5616
4796
2732
-1592
-11828
444
7592
8420
4752
-8384
-9272
6628
23196
16092
-5072
-18224
-16636
-9776
8292
23428
15640
-16668
-29408
-4784
25432
22816
3144
-19516
-15936
-848
16884
13484
-4884
-8412
-2584
3664
11488
12944
3132
-8796
-9680
1460
13252
-3624
-5400
-3900
1472
2420
7784
-3536
-9028
-12720
4792
2116
3196
7248
2572
10376
-1336
-6512
-6596
-5384
5276
-1096
-6112
-8060
2744
12848
5428
2384
-4620
-8992
3040
8040
10932
2640
-8648
36
4728
15560
2376
-8164
-18628
-17760
10572
20032
14548
-10352
-14180
-716
13752
13408
2964
-8628
-12044
1644
15968
7848
-472
-12076
-5812
9308
3908
5284
-7632
-6752
-824
2872
5840
1620
-6164
-5208
604
6908
7024
-3436
-320
-1472
3228
5328
-3028
-3508
-4300
-48
684
-164
5340
-3028
-7368
-4888
6464
14012
3660
-4212
-15028
924
10196
16200
3504
-11744
-13408
-524
19200
6244
-2740
-14660
5728
5980
3644
368
-5536
1144
-8896
-1804
-3320
3560
3580
-1864
2532
-660
-2492
1396
-5096
-80
3244
1732
624
-2648
688
-4228
-1456
5276
7400
2212
-19148
-17304
1988
16320
15000
14900
-6908
-25508
-16032
7048
30616
15544
-18632
-26112
-9528
18320
22924
-1844
-24004
-17648
2152
16260
8292
-8904
-11992
-7600
-1028
9136
8104
-856
-10560
-8380
7052
7416
5744
-1272
-9856
1936
1164
5780
-564
-2892
-260
-8392
-4460
-812
1060
7396
-3936
7480
-3564
-556
7244
4780
3476
-7464
-14560
-5288
944
8200
2456
-2300
-8312
-4188
3316
1308
-5972
-17376
-7192
11932
21224
2524
-15968
-15688
532
9184
8416
-1284
-12356
-8552
5872
7744
6268
-9968
-13984
-6952
3508
11772
3196
-6160
-8336
-1768
2724
3560
40
-1672
-6008
-128
3100
6620
-116
-2768
-6920
-2780
4360
-5628
-2636
-4388
2448
10404
4724
-292
-8416
-352
4452
1408
11120
5484
-852
-13528
-8720
2044
9416
7812
-7788
-12972
-11924
9080
11708
1720
-5396
-16036
-864
504
4444
-6728
1096
-2476
2152
-1192
40
10644
-2752
-412
-5768
1140
820
-6884
-2352
-4960
3996
5488
3152
2060
-5616
-5296
-1820
8540
6872
-1348
-8540
3996
10092
17116
6776
-3044
-16512
-19124
-6064
27132
22636
-13468
-30088
-11480
24088
31380
6380
-23400
-20224
3016
24216
19460
-2224
-21088
-5564
13188
14160
7948
-4672
-16348
-4240
5944
11524
-4036
-4560
-15852
1412
8492
11932
-3900
-8584
-8152
3560
3732
256
-2924
9452
9468
3888
-9704
-11948
-1744
-48
5136
-1784
-10032
-6960
-88
13004
9184
5680
-1368
-10932
-4224
8536
20640
10364
-2132
-3320
-3468
11208
5980
-3240
-16852
-17476
7536
9772
1420
-4124
-204
-524
12084
620
-788
-2908
2608
5220
5232
5212
-2484
-4320
-3540
2000
6872
1288
4444
-4340
-84
1652
1656
4380
-4728
-2844
3240
3836
3128
248
-2308
-3096
6900
236
-892
-9320
-2096
6568
2164
-392
-3836
584
-5568
2336
9532
6844
1720
-6296
3940
2548
12536
4480
-2336
-6404
-9468
6092
3952
6440
-5056
-1752
6668
-924
3756
-1828
5864
-4604
-6348
2496
13688
4656
-632
-9168
3368
11380
4452
3132
-10028
-9288
2676
6940
11816
-5352
-10040
-6076
8320
10288
3376
-17888
-20224
-5636
5060
8564
18312
9340
-10436
-23384
-11468
17824
22032
-13488
-27348
-17304
9180
20612
6272
-13152
-18968
-4824
14628
8728
-2648
-15416
-11440
2792
12836
6360
-4340
-7972
-4364
6360
10856
8372
-4112
-5332
-12072
6136
7304
5128
-4168
-2700
1632
-6976
-8968
-3500
7028
4140
6732
-516
28
796
600
9328
-1804
-4092
-6664
-7696
-3620
3548
9220
420
-8580
-12488
564
4460
-2752
-2580
-2664
5116
13868
-1684
-14380
-14580
-3780
4112
7684
-6288
-1864
-1616
2028
-1180
1232
-8212
-5488
8
384
4696
-16
1280
840
128
620
72
3716
-3584
-6148
-3968
4328
5400
-1688
-2624
-4056
1036
7376
536
852
-9268
3168
3892
10544
-4772
-12368
-6276
5476
14284
9920
-5720
-16708
-1384
5096
11512
3816
-12012
-10516
-6288
13796
2552
-164
-10924
-10436
4108
2548
5888
-13604
-6076
2548
3444
3640
-9792
-4004
-476
-5452
4256
1440
-752
-6052
636
-2784
2536
-1744
452
2260
-3512
-1312
1880
5436
5192
-2384
-6440
-6428
12724
24412
13764
-7956
-26740
-15944
2960
23956
21088
-4292
-30052
-18688
16112
26076
10780
-13644
-22956
-2036
17296
20676
492
-14324
-13268
7928
10304
15376
-2584
-14768
-13444
732
8572
5560
-4112
-4996
-6136
3804
7604
5928
-3264
-7892
3468
-4208
6612
4176
10632
10988
-2612
-1892
-3336
-1224
-4084
2948
-9608
-5124
1152
2092
7232
1992
4116
1060
-1072
-316
6488
15664
2520
-12740
-4972
10092
16844
5116
-10316
-21400
-5568
16428
14076
80
-10964
-6952
3792
11080
11904
-3692
-6792
2564
14364
5968
1388
-7156
-2496
1448
5496
3520
-3580
-1796
584
2284
3288
1264
-9024
-5596
3756
8720
2448
-2256
-4
-2416
1684
2284
3628
-4760
-12948
-6920
8872
3800
1428
-1588
-11520
-3984
5340
7988
2284
-12508
-4268
428
12516
1224
-10536
-10408
-172
14456
4792
2064
-6372
-9812
5236
10436
15220
-3836
-11428
-7052
8236
14620
-1780
-4448
-2820
-560
5912
-708
-1320
1276
2576
-7448
-852
-424
4448
736
-3324
-8684
-5016
148
3884
1084
-3336
-14836
-5856
3308
11840
13108
7580
-8820
-22380
-6856
18512
27716
-3364
-28092
-21496
4796
22032
7004
-13500
-23908
-10352
14388
4312
-2432
-15328
-12048
-3052
8388
9624
-3236
-9228
-1044
5308
8704
-1656
-9508
-440
-2280
6684
-4220
5352
-2072
1732
-2916
-13104
-1656
-1708
6476
3204
-2852
4020
-3420
1504
3972
-2820
-5264
-6184
-624
4096
-2836
-3536
-8016
-3492
-1492
11216
3532
-9232
-17324
-5912
11116
23568
8808
-8676
-27864
-14164
10044
16832
9820
-10612
-15356
-7860
6288
16212
2692
-5692
-14352
-5548
4476
10128
-1720
-8020
-1536
4948
5700
-1900
2480
-5696
-3988
108
5460
2976
-4272
-2496
-812
2628
2828
-864
-148
-3348
936
7892
8276
-4772
-9652
4160
-1088
9500
3916
1380
-8208
-9028
4016
12304
372
-13592
-1440
-3148
3932
-6976
2720
-768
-5064
-2916
-9632
6924
-2544
-2648
-7628
-6416
6040
2800
3112
-6392
-12416
-1864
296
7376
-4948
-7128
-3256
-1668
10672
5224
2196
-9456
-2528
1236
6172
-288
112
-5332
-2740
10588
15296
11696
-6600
-15252
-13600
-7256
11020
21628
4700
-20504
-23300
3452
25364
21956
-1832
-21716
-15088
8088
24656
10888
-11904
-14664
72
16324
10460
-1196
-7008
-4228
4564
9220
5092
-4652
-6792
-8432
12012
6428
5120
-2976
-5524
2732
-156
1896
-8292
4728
10832
7012
-80
-13472
-5056
-7128
3744
-1228
-8212
-1852
2676
9484
10880
-1260
-8184
-4548
7568
6144
4824
-6260
-6488
5828
18376
17444
-6232
-22884
-23552
3016
23332
18004
-4096
-15276
-6900
5472
13300
3892
-6336
-7292
-5328
3844
6684
4912
-788
-7256
1444
3524
5668
1652
-5420
308
68
2684
5416
1152
2264
136
-336
6172
4508
1536
-8516
-3656
6884
10016
-2288
-8896
-6832
-2624
7712
-172
-3256
-6416
-9796
4920
6364
6176
-2764
-5848
3084
1596
11628
8288
-4144
-7080
2516
2704
12212
-9840
-8804
-2652
4964
9800
-2256
3476
632
-2712
-36
2152
10344
968
-8072
-6028
-3516
9320
1660
4836
-2372
-8004
-960
-800
10004
216
-6516
-6352
2572
10656
3676
-14480
-24928
-10888
9964
18872
14648
-2656
-17936
-19348
-1480
30536
18740
-10696
-30136
-21612
8736
25652
11676
-16748
-26968
-12664
9784
23020
5544
-14440
-18308
-5820
9432
14416
5212
-8108
-5912
-204
7432
7916
-792
-10068
-3972
1548
12600
664
-2792
-2496
-8020
-2000
-2096
4824
748
3160
8144
-3364
5600
5504
5156
3788
-5360
2488
-3572
-8596
-8520
-5140
7848
10924
-576
-6436
-6892
-2144
-5676
-8688
2176
11360
9652
3132
-16812
-13184
552
10572
10360
-4220
-10724
-5924
1924
9336
-40
-3368
-3496
-2708
-2568
-2184
-5736
-11588
2760
3988
1036
-3000
-300
-1600
1332
3468
-1260
2020
-6916
3508
728
5456
456
-2928
-992
-1492
-1404
-3144
6672
7508
-2112
2612
-3328
2872
7284
3396
-5032
-5072
2524
-3244
5100
-5128
-6212
-9656
-6700
10328
9404
-9740
-13596
-984
2436
6188
-7968
-3056
2036
2192
5628
-3020
-148
-1928
-11216
-3100
1604
4692
-4120
-1280
2996
4544
1868
-4252
288
-1380
2084
7096
232
2496
2840
-4228
856
7040
15552
11016
-10852
-21684
-18080
684
23572
23040
2352
-28436
-20820
9320
28900
17996
-6572
-23856
-7740
9308
20028
13072
-8248
-14400
-640
11324
12556
2760
-9640
-7456
1252
7360
1880
-8236
-6192
3604
10900
940
3560
-7760
-6352
2588
-3784
5356
-1652
8996
7476
-4144
-4116
-11104
1372
4012
700
-7832
-17312
-2012
10220
9940
4188
-1164
3888
-3636
776
-28
6992
7356
-3776
2864
4932
6676
6544
-3716
-9244
-7740
2144
11760
980
3888
176
2648
5512
3436
6180
-1744
-2264
192
6928
1300
-740
-1116
-1172
6276
5864
-1208
-4700
-2988
192
-2252
3280
4060
-4512
-8620
-6084
4148
580
-1340
-4632
-160
3840
10212
4092
-4828
-1400
1524
4728
440
564
-3324
-11548
4
7828
10556
-7332
-4980
-4168
2152
12996
4660
1972
-10140
-6776
6412
12664
11272
-7320
-3800
-1736
11136
-6728
-1688
-1616
5016
1476
-7132
7564
1764
4308
-5220
-4140
3344
3648
6128
-4124
-8352
240
2164
5136
-1628
-4036
-2176
-5752
5792
5556
3428
-18696
-16208
408
10860
23320
13052
-12224
-26936
-11528
20296
31180
3944
-26100
-29312
-9340
23628
21020
-4712
-22092
-20040
4860
17036
7132
-8684
-16948
-17104
4420
13748
15496
-3436
-8120
-7396
11900
7568
480
-14084
-11348
-968
8228
-508
5772
-5744
-8412
-5704
-4956
2728
216
4812
2896
-3684
5892
2512
9276
2436
-3904
-4372
-8668
-2168
1608
5988
5272
-1188
-2776
-10480
2656
5004
-4036
-12200
-4892
5704
14164
9388
-8928
-12104
-204
10000
7980
-7076
-8000
-10572
4108
2800
2440
-6680
-11752
-4064
-1104
5756
2240
-6956
-3648
-1552
5988
1076
5452
300
-2084
-2456
-620
7104
2128
-2496
-7096
-4880
1256
4364
-2744
-1308
-312
7572
-696
-1356
2004
1072
6804
4040
11100
-4124
-13452
-3988
2796
14568
176
-6372
-15088
-872
6980
8052
2812
-16072
-3832
-708
8052
10252
-8580
-9420
-5160
6896
3932
-1112
-8644
2132
-2464
2360
2692
-8568
-428
-1768
428
1492
-192
4036
-5008
-2704
-2120
4152
6040
1812
1964
-1272
-8276
3492
17480
19316
6008
-17828
-21200
-15828
12400
26896
17340
-15468
-29608
-3864
26096
30796
4312
-21052
-24092
7508
24252
18428
-8080
-12448
-1212
10944
11156
2932
-6052
-6832
-3240
3436
6428
-452
-5156
-824
-2720
1280
9332
5608
2020
-11988
4108
-220
808
8524
14132
-5380
-7316
-4460
-4456
8152
1384
-6308
-4756
-832
8444
5244
6032
232
-2496
2680
-3440
7240
13268
7052
-10072
-5704
8592
9560
9676
-11332
-16764
-12452
908
21460
6420
-4248
-12416
784
10412
6584
-1740
-14952
-4508
10028
16104
4528
-1932
-8288
928
7748
9348
6884
-4624
-3660
-4880
3376
6760
4668
1752
-792
2440
-3220
-3508
1412
-1992
-336
620
4280
4060
-9436
-6676
5168
6208
1128
-4392
-9432
-12612
-1308
14124
5556
-5816
-15208
-5652
9964
13064
7436
-14920
-4020
6480
15456
4664
-7100
-956
-9420
5664
8772
4408
-4460
-9632
5824
3076
3692
-7604
-68
-2300
4048
2392
5088
-1656
-7208
996
-4300
2080
4348
120
-260
-3096
-3644
-3184
-108
2688
1660
-15128
-23276
-4584
4836
15216
16428
2044
-14960
-17924
-416
30424
18636
-13384
-21952
-11960
9372
17604
-5728
-20632
-11408
6560
11004
-6884
-14840
-10828
-2492
6596
9204
-1964
-2128
-5056
4212
7740
3664
3420
-2612
-2944
-6340
9228
3404
688
4356
-6048
-7744
-15856
772
1416
4108
4224
1656
-3816
8280
4800
3656
148
-6408
-3480
-7784
4008
-1180
-1584
-2024
-10952
-4008
96
2816
-14336
-13952
-660
5980
16792
5112
-15636
-18388
-5756
10460
8424
-504
-14616
-6708
376
3688
9344
-7228
-16824
-5920
1972
8468
2704
-4988
-8796
-3628
4200
12088
6884
-5180
-9104
-5364
5692
7000
5548
-10216
-7512
168
3600
8544
-3428
-7948
-6112
7340
7580
7100
-2516
-8244
-1760
3972
6176
11588
-4576
-15856
-12108
9332
12820
1768
-3924
-18296
-6820
3700
14620
6152
-13116
-11192
-12196
16700
5764
-7888
-4524
-9032
6048
-3512
744
5664
-4336
-4096
468
8952
84
-2660
-7956
-1124
5500
6764
3912
-10388
-2712
-1944
6108
5048
5464
-420
-9332
1488
13928
19428
10972
-10380
-18472
-13756
-2772
17508
22684
-3564
-26692
-21692
10388
26400
17488
-9860
-24936
-4992
16920
24088
-788
-9876
-4252
7640
9156
12996
-2472
-18912
-5376
6632
8292
3584
-11228
-6264
-7496
7584
6748
3020
-5724
-8816
-552
-7012
10880
5372
7016
5004
-7800
-2224
-6200
-2368
-1664
-1316
-876
-10648
-1144
11588
3060
5024
-468
-2716
2152
-8504
5788
12884
5132
-7916
-2352
14276
9500
360
-17032
-17900
-2348
17148
17132
-624
-15100
-3492
8708
9748
6796
3184
-6864
-2936
4252
11180
5792
-776
-1580
-1492
2212
3380
3076
-2184
-576
-796
-2476
3628
632
-2712
-5456
-2356
4820
5636
-3740
-8848
-2492
2032
8868
-2432
-14136
-4172
5212
8176
-5232
-6268
-4296
-9412
8404
2616
4632
-6148
-3108
-2272
7416
3056
3548
-6256
-10140
5880
4036
10164
-3220
-6460
-4472
3332
14116
-3900
-8152
-2828
-348
6908
1708
2664
-4424
1680
732
3748
6848
1620
396
-1820
-9448
2980
3448
352
2392
-5616
-6500
2148
11748
5068
-10736
-23384
-13416
9188
18228
14212
5156
-17360
-20276
-6920
26184
21504
-6780
-23040
-22252
3240
19756
12516
-7824
-19460
-8460
13580
12016
-1112
-15036
-10480
-3816
6980
10480
5336
-9512
-11232
-1568
8908
2988
-256
-11712
-3516
-3080
11588
-1648
4828
584
-4628
-8272
-11256
6836
13096
7244
5700
-9072
1040
1160
6448
7368
-2860
-5988
-11540
-8528
-324
2212
7072
3948
-1576
-11192
-5388
1512
-5224
-5024
-1656
9324
13276
5208
-8896
-17732
20
10492
5732
-2556
-12616
-4600
2572
8288
5796
-3776
-6960
-8284
2880
5032
-820
-1648
596
-4896
268
1992
3836
1848
-2552
1540
3040
5592
116
-2520
1712
-1344
2308
2328
-4248
-5232
-1844
10116
7280
3360
-5408
-10216
28
7544
17568
432
-14596
-14704
-2144
15164
5776
-1264
-11272
-6196
-3084
13744
-388
-5892
-8712
-1676
8264
-2832
-7160
-11672
820
4072
-3124
2380
-3920
-3136
-8020
-2948
8624
-1284
-232
-9064
-4008
1376
388
8828
-1868
-5376
1264
-1544
5272
-1564
2572
-7416
164
6824
23184
12284
-13640
-22488
-15756
-4100
18888
19440
6120
-24256
-24760
4100
29852
19772
-4208
-24912
-11104
7220
21852
7636
-7916
-16332
596
9968
14420
10044
-9076
-12900
-2320
4932
1536
-4224
-4532
2128
-808
9916
416
176
-10320
-2060
376
-3548
5992
2156
11420
2624
-4056
-8400
-9744
3896
2476
-1936
-9448
-8148
5556
6260
8348
3124
-888
-676
-13980
-240
19952
7216
-8272
-8536
5180
12212
8788
-6368
-17612
-10940
7360
18008
5540
-1288
-13880
-3004
5696
13324
2896
-6148
-5508
4720
14024
5316
-808
-4020
-4240
9952
4376
6056
72
-3316
-1288
492
6700
1336
-4252
-1816
2984
10180
-240
-3244
-1636
-4152
2020
-1588
-948
1300
-6744
-820
-5132
3448
3772
2176
-5736
-12188
6472
4732
5804
-3352
-3996
1396
6788
12492
-5632
-9392
-10600
5776
9116
6900
-10604
-4100
3536
4432
9612
-7276
780
-4628
-788
5096
-1644
5520
-6304
-3376
1460
136
10736
-1168
-4652
-4120
1016
5116
-1052
-1200
-4104
-8848
2348
352
6228
-7204
-13348
-2968
3328
5612
13448
4124
-9848
-20752
-5640
18756
21456
-4264
-25156
-21228
3156
23704
17692
-10480
-23204
-14392
9224
10968
2968
-10048
-13176
-12328
3700
11080
2660
-6528
-4000
576
9812
2608
-5712
-4140
-5396
7600
768
3408
-1964
3468
796
-11244
-308
-4876
3580
7580
-2088
3264
-2800
4316
5420
6244
516
-13644
-7304
-3444
6736
5096
-3900
-2988
-8220
-3048
4792
1844
-14024
-13788
52
20844
16572
-2300
-17948
-16128
5364
18832
9268
-4116
-11796
-5112
-656
6952
4052
-7060
-7848
-8180
6972
7052
5996
-2216
-8236
1712
2332
7244
1764
-3180
-7892
-5568
2672
7468
3284
-5868
-12488
652
5032
11956
-2840
-7948
-3396
5000
11196
6932
-5476
-7144
168
10968
11292
4844
-10532
-6068
2548
14648
14856
-5368
-8424
-11448
14348
13032
-3100
-8920
-14068
5056
8288
2476
-14588
-9256
428
9784
2080
-7272
236
-1792
7268
-3688
-2420
6668
-2868
3248
-4000
1520
-236
-932
3192
-600
-924
-4036
1348
4668
5468
-3024
-8232
-3508
14600
15380
2176
-12008
-13192
-6612
12576
21940
9512
-17392
-22740
364
23192
22892
-504
-18384
-13184
9212
19156
6992
-8796
-16248
-4188
1304
6592
5596
-1136
-6524
-4628
-2604
392
5824
-2644
-11044
-4648
4180
8764
1612
-3992
-2264
3688
3264
-1900
5340
2056
5316
-1552
-7860
1492
-5512
1956
-1224
-6880
1000
-636
3244
6408
2252
2296
-2728
4128
12728
12096
-1180
-12980
-1900
9656
16444
7900
-8756
-23888
-15384
17100
24860
-2720
-15408
-8700
7428
17364
6444
-5852
-14808
-7612
8744
12068
8284
-4976
-13232
-1192
9312
6780
2640
-5524
-4632
632
7740
2300
-1576
-5248
-5988
772
5460
4424
2860
-4760
-6800
-80
6312
7880
-3504
-8240
-3440
-3772
6444
-744
-1020
-10736
-1800
7816
9528
9212
-16356
-8756
92
11296
12236
-5944
-11108
-5408
12912
9792
1020
-3552
-14908
-1012
11084
6292
-3332
-10856
2052
3316
1580
232
4748
-2572
972
796
-1396
9828
-1864
2456
-6284
-2952
5824
3604
1920
-5208
-5936
-2308
7496
2840
-7264
-13780
-7740
4904
-1600
6036
10312
-4036
-8608
-11820
5500
17748
1292
-15012
-23512
-9648
9920
10304
-4648
-17264
-16216
3616
13460
6208
-9068
-12996
-5532
-628
1924
2140
-2552
-232
5148
160
3560
-172
-144
-4108
4112
1796
2568
-2980
-3660
4832
-9132
-6500
-2064
9944
876
-4816
-1540
-1532
12808
2680
4988
-4092
-6940
-4996
-10628
4568
1736
1672
820
-9820
-2148
2532
276
-11316
-14216
-8660
7696
21336
14228
-5272
-20492
-14804
7168
18980
-8056
-16920
-9772
5300
11352
2868
-1968
-11296
-7276
8260
10736
832
-5672
-7424
-452
7364
10372
-6804
-7244
-6140
1816
10712
6012
1280
-6176
-4940
2344
2388
3632
808
-988
-348
6316
4128
1036
-1804
3684
-1096
7896
3280
1764
-6932
-4388
2748
2604
8284
-11356
-3992
-5832
1296
7660
2224
4600
-11204
-7256
-692
8040
8172
-9660
-1908
-5884
7096
-696
-2516
6764
-10160
-5212
-1540
10016
2776
-2892
-6824
-1980
6008
3508
132
-8040
-2784
2676
4580
8604
2564
-5612
-7020
-28
18080
17896
2512
-17048
-17516
-11620
6572
26192
22372
-12996
-30056
-12240
17656
30732
13516
-22320
-15424
4180
21916
13772
-7228
-13488
-4536
11860
13940
5540
-9616
-9976
-4980
12040
2648
-1984
-13836
-4060
3140
10768
8640
-6372
-7224
-5340
6112
1680
3220
4012
1368
10492
-7192
-3140
-376
-3732
4472
-7936
-12368
-2452
-1372
11708
1656
2624
9984
-1524
-6172
-6892
9624
12312
1336
-8032
-836
10468
10684
-1044
-10744
-16372
-876
11292
13096
2216
-5844
-2008
332
5560
7084
-1360
-1840
7648
6668
2724
3028
-4616
5420
3368
8192
5196
1848
-7964
-4344
3096
3688
11796
964
-9736
-6540
-1412
12240
1800
-2884
-5096
-6672
-32
268
-1592
-3920
2528
4812
-812
-4068
-3568
-5528
1056
7140
2224
8460
-5648
-188
5864
9236
6424
-4716
1196
-7556
8252
1556
-2536
-5124
-1952
11396
2760
-4064
-10120
-588
11340
-1868
-4088
-4624
4140
6980
4112
-84
-3356
3584
4160
-2276
-3100
-788
268
4488
-3152
-8016
-11340
-5452
9740
11668
-324
-19036
-15772
-1332
10768
10352
12608
-2388
-20756
-17780
988
28112
12200
-15276
-24560
-15056
10620
18884
3152
-18956
-19300
2680
8680
3924
-5052
-13228
-9232
4388
11564
7036
-7104
-6000
-296
4284
12844
3424
-136
-12952
2428
92
4952
4344
-332
-1556
-13036
-4444
-3384
4124
5936
-2212
11604
-704
5064
8076
5548
-1832
832
-2104
-15072
-13476
2708
10196
10196
-9720
-12128
-6728
7336
4864
-8620
-7164
-2172
15348
9556
-4652
-9672
-12284
3052
2276
6628
-732
-4400
-2420
4248
7816
-5092
-6900
-8832
804
7040
-940
-9056
-3788
-8504
6024
676
2412
-7724
-5132
-2700
-2396
6640
260
-2784
-3916
-4372
5024
5500
3896
-7332
-6664
3412
7976
14156
-3564
-4540
-7764
2716
14680
8172
-4816
-17828
-3068
13136
7212
-6028
-2516
-9364
4696
6236
5004
5248
-12856
-1412
-3296
9244
1736
-4716
-1152
-4400
3656
-620
1012
252
-7612
772
-3928
2164
-3644
-6476
160
-3968
12
4024
3936
-1420
-2312
-1036
432
5284
1952
1280
-8360
-4636
15432
17908
6748
-17492
-21932
-13492
4856
29812
17140
-16828
-29656
-11244
24532
31104
6176
-24900
-20816
264
22052
14724
-8628
-12496
5072
11732
7144
1976
-7384
-11284
216
4204
8672
-4928
-8580
-860
3060
8408
4444
-6236
-12504
1664
-1476
-344
-3896
2868
13228
2204
-2088
-6844
-6496
6960
-2400
396
-9704
-8084
-1668
4300
12792
4600
-3772
-6400
588
-1396
12720
6152
-5708
-7520
-2028
12924
7860
1992
-14680
-21160
-796
10324
12492
2404
-6848
-4564
228
11540
5420
3120
-11096
-7424
7980
14288
11784
-4412
-10040
-460
4416
1208
1056
-7084
-5936
6076
5788
10908
-4544
-9676
-2232
3508
9092
-5276
-7892
-9136
-732
9136
296
-2420
-12656
400
3112
5228
-3632
-9220
-5660
-2296
11020
7488
3056
-7752
-11504
-1100
16412
8712
2696
-14000
-264
4880
6300
1680
-9960
-2812
-32
12640
716
-7916
-3796
-3316
12320
-1056
-1156
1332
-236
7616
-1196
2888
5564
1508
7768
-7856
3792
-1888
-896
2272
768
-4164
-1728
3408
9128
-904
-14988
-15836
300
9216
11480
9688
-504
-19052
-15308
5144
27076
15712
-10172
-23952
-17548
7648
19940
220
-15152
-22068
-2312
16876
13276
-3420
-19380
-14436
796
13320
7276
-3348
-9048
-2656
8444
13408
-6656
-2736
-11356
7844
6172
4448
-2496
-496
2220
-6600
-6216
-8124
7376
6988
1928
4676
-8600
3532
7092
3252
5664
-8696
-2376
-4040
-2024
5288
1144
-2312
-1480
1300
6036
-3588
-16092
-16304
5256
16024
20736
6924
-11196
-22352
-4324
13976
12316
-5660
-10536
-10768
3788
13656
1236
-2284
-9540
-9600
-272
6760
4312
-2704
-5000
-1072
-1732
8840
1096
-3156
-3356
-3016
-144
8992
1724
-2868
-7868
-3128
6352
4596
4100
-11444
-8372
6616
19864
3944
-10916
-5584
-384
8696
13716
6756
-5412
-13504
3416
4572
7304
-2348
-13148
-2628
6780
9108
-12460
-14424
-7328
6412
84
2388
-12808
-10028
4460
3104
3532
-9312
-4884
3400
3680
3040
-7528
-1028
-5684
1088
-2976
-3848
744
-2780
6484
1372
-5956
-2716
-3672
5388
9408
2384
-4932
-3480
18032
20088
10112
-11376
-17676
-12832
2568
19204
16148
-8432
-28688
-11184
16152
21880
12536
-14988
-19224
-460
15676
16580
4468
-12748
-7580
6744
9004
14212
3064
-12372
-12228
1844
4820
5976
-8944
-2164
4484
3124
9960
4448
-9260
-2500
-1136
8324
400
792
3712
2984
11980
-5060
-11828
-11340
240
716
-8056
-2744
-896
2400
6524
3152
2840
2780
-3288
1120
8508
15280
-2504
-9240
-4020
15012
9032
-4204
-22040
-21984
4408
21656
17772
-9276
-13340
-2152
9756
15112
2000
-8492
-11796
5352
15076
6708
2204
-10932
-2048
7052
2372
6284
-852
-2612
-5808
3044
4268
2956
1768
-4588
-6428
3244
7712
5432
-1812
-4000
-1644
1220
3460
932
-1012
-4076
-424
2032
-4124
5132
-4620
-5464
-3852
3464
5292
-1748
-2000
-3784
9272
6604
3184
-4756
-8460
6032
2924
8132
-7736
-9348
3432
19624
160
-1872
-4156
-648
2412
-4340
4276
4008
2612
228
-4980
5840
1748
7652
-1312
-7092
-1048
-468
3484
4780
-840
-5304
-6264
1740
3436
5080
-6532
-14784
-10380
7332
12384
15732
-5856
-19956
-14856
10260
30296
14652
-20572
-29032
-8356
19164
21068
-3076
-21032
-25888
1484
20636
9916
-7948
-15712
-12608
1240
16368
7696
-4076
-8624
-860
1328
9856
-684
-2392
-6664
-3476
7664
-1280
-2872
2576
-1176
152
-10468
-2840
-432
-332
6572
-2960
3504
2844
7948
3048
-3284
44
-8060
-7212
-4140
-4072
1240
5924
-52
-7904
-7852
2860
1096
-5608
-7776
-4708
8208
20020
-1128
-17896
-14548
2956
11288
11676
-2588
-13524
-13256
880
8376
6624
-8088
-10552
-4296
4836
4980
-1520
-5488
-5924
3376
1000
-1324
256
-3548
-84
-4456
5268
6896
4956
-8284
-10120
2176
264
1188
-9804
-4052
4200
10012
4180
-6028
3040
-2248
10632
6368
7684
-1528
-11292
-1340
1392
14272
2612
-13392
-16624
-9500
15632
8908
-1380
-13816
-8780
2136
8904
9876
-13756
-14716
-4736
4616
14020
-5512
-9460
-5348
-3424
6680
-1308
-3896
-840
-10220
-1508
-1988
6512
5120
-1588
-632
-440
4228
-908
4460
10924
-6700
-1036
7988
15148
15056
-3332
-19344
-18112
-4868
18808
22084
5092
-30044
-16664
13840
31236
14220
-14728
-27304
-3648
18212
22320
920
-16752
-6800
4220
10972
6112
-1700
-13392
-10972
1804
9992
1908
-5768
-9244
-3944
10988
2596
5748
-12100
1540
5264
-2352
2356
964
6440
8268
-40
-3536
-14300
-3792
-312
-128
756
-10324
-4624
-432
11364
13372
776
-444
-6008
-5260
2572
16000
17500
-5084
-5544
-108
7364
11944
-508
-14624
-22608
6704
16592
16828
-2576
-2512
-892
4828
7568
1624
1728
-3860
4096
3388
2524
4400
-1680
-3100
1760
3804
2148
-2292
512
-2920
660
1324
5084
-2104
-9920
-2464
428
5276
948
-2944
472
236
4052
3880
-9804
-7988
2784
-5952
3192
552
-5300
-9180
-4028
10672
4528
-2376
-9536
-3988
10476
11512
12448
-13352
-11496
-3868
8212
16692
1892
-3476
-11020
3580
7308
-276
5308
-2760
1052
-7616
-4844
8716
9304
-9548
-1688
-2868
7344
3664
1656
-2572
-6788
3508
3700
4760
1984
-5508
-3296
-4336
12340
3800
-8264
-18776
-10244
4272
14988
20992
12792
-9308
-27940
-9044
18776
25012
2412
-29316
-28340
8152
25684
10420
-11388
-23224
-10592
11128
11812
772
-10844
-14164
-7792
11228
8976
3864
-3796
-8128
6356
1088
11216
-4260
-8252
-9380
348
9096
9732
-3712
-11624
-860
-560
-2480
-2520
-7372
4384
4056
9476
-3956
3120
664
6516
1356
-8372
-7680
-9960
-1480
2936
6088
-5816
-12672
-4552
7960
448
-13020
-12408
3044
12108
18248
-496
-20272
-16344
672
19720
8560
-8392
-11936
-7620
8972
10244
-1824
-9564
-9852
-2504
6484
6396
160
-3284
-6160
-1572
3612
6936
-1492
-6280
-3648
-1772
1620
11492
4324
-5172
-3792
-6240
2600
9896
7252
-6504
-8284
2368
2584
8116
6196
-2780
-4172
5568
2420
2096
-7792
-6664
2904
5544
9044
-4108
-9296
-13956
-1248
13232
8420
344
-18664
-6464
4936
3952
1664
-10924
-316
-868
3260
2000
-3256
2996
-6788
-3816
-2312
-3764
7772
-1916
-6508
5052
1836
10692
1908
-5964
-7520
-5192
3460
8088
5244
-1632
-6824
1644
13900
21744
3624
-25352
-25896
-8744
19184
29168
15540
-16100
-30092
-10412
22128
28980
7472
-20056
-15908
4940
20892
9120
-12284
-9128
3364
8652
8924
4840
-8860
-7868
2876
7652
7964
-8432
-3848
-5916
1060
3376
1300
1736
-9756
-4
-5376
884
4968
5092
11024
-8724
484
-4160
-2904
80
-7616
4024
-8024
1112
3572
8848
7308
1508
-2552
-4708
7892
6036
7004
3760
-13148
-8764
7792
22072
6192
-13304
-23856
-11832
14392
19708
3660
-7596
-9680
-2264
7268
10348
3900
-3400
-8468
-36
6632
6412
-1852
-6792
-796
6520
4780
4912
-2228
-5220
452
300
4648
2440
-1036
-2748
-5448
3544
5900
-1156
-540
-5192
-2180
3348
6612
-9256
-7340
-4220
1164
208
-5804
-200
-800
-1200
4352
10236
-3772
-4244
-6288
7456
7344
-2884
-6472
-12220
6196
5696
4976
1512
-8656
5804
-752
12304
1656
-4180
-4592
-6528
11244
60
496
864
-3112
5948
-452
2544
-1200
1124
2680
-5776
-4816
-1744
1180
3124
3064
-8188
-5384
4196
2212
-556
-11480
-11820
-452
7948
15768
15712
-2584
-21164
-20412
9548
31392
16628
-20744
-30096
-13312
19392
25092
444
-29060
-24684
1492
23220
11504
-6340
-20848
-14732
6136
15336
8812
-6784
-11100
-5552
10428
11104
7012
-14620
-11032
-796
7700
10576
252
3824
-10864
-5452
-3332
-844
4920
-236
36
-1420
2628
8956
4728
6828
-6224
-5088
-600
4020
-2836
1820
-5712
-6128
288
-928
3892
-2204
-15032
-8848
1700
16480
15100
2476
-18728
-17300
1012
17844
14216
-9912
-15116
-6240
3772
15580
-2768
-8768
-14504
-744
3388
5652
3588
-10672
-10556
-1696
6788
-3544
776
-4568
-4648
-2132
588
5416
2912
-4044
-3664
1464
4500
4640
124
-8320
1804
12604
10264
-9108
-15776
1172
7828
9280
7208
-4588
-5964
-11536
4272
10080
9840
-5308
-14952
2676
9880
10004
-1408
-20696
-5604
-308
6056
2004
-9392
-4040
-4296
8768
3672
-5960
904
-3204
992
-6960
-140
1712
-3180
1816
-8384
4324
4424
68
-3064
-8836
-768
588
4412
1040
2292
1952
-2800
716
12536
17536
2148
-19812
-24808
-15852
12820
29088
18748
-13972
-30096
-12832
22328
31300
13944
-19060
-28744
3068
19528
23244
2076
-19932
-9156
5540
19104
10044
-5508
-12360
-1332
9920
14212
-4268
-12288
-11252
5504
7524
9504
56
-11508
-3608
-2068
3864
-4280
-528
10708
1668
2644
-10352
-13192
-2736
1988
4412
-11536
-5520
-2544
4872
9984
5028
4572
-6528
-3676
3628
14300
7436
-6820
-15000
2388
13960
17100
-536
-23240
-18860
6248
19428
10948
-3428
-11148
-2368
11072
13784
3412
-7468
-10012
4012
8372
10076
-12
-6580
-4636
1552
8428
6384
6396
-6828
-8988
932
10224
7036
-1252
-7736
-6100
3248
8872
6936
-2172
-4688
-8712
-1352
8884
-3856
-3480
-4728
904
5784
-5336
-4672
-14472
-1120
4212
12308
2412
-13168
-9404
-1096
15504
1328
-12
-6688
-5016
7552
9844
304
-11812
2168
2824
12248
-6136
-10008
416
4552
1468
-4760
4316
4296
-2044
6460
476
7240
4816
504
-312
-2840
268
-6412
-2464
6748
-7260
-5564
-956
7060
9928
-2616
-15652
-15100
-2820
7876
18004
10816
-6616
-21176
-14324
8120
27868
14068
-12368
-19872
-10888
9760
13972
6044
-10776
-17320
-8696
7228
7308
3708
-7604
-12936
-4476
6520
9240
-164
-104
-3504
2752
6696
5068
-5780
-12068
-3448
5656
8376
-484
6856
-8932
-5084
-4368
-3828
3316
836
9436
-2168
1888
6320
1800
4580
-6188
-6804
-7556
-5728
-4208
-5880
7124
10272
116
-9388
-8512
1108
-2636
-1180
-6408
6792
11184
10344
-4416
-13832
-10292
-432
5612
-3276
-7748
-2512
5044
4096
1012
-9504
-5176
-3572
2712
768
-2184
-6036
2032
-876
-460
-4336
832
-164
-1444
-1140
-6924
1300
5988
5824
-2972
-828
-632
2104
4120
2760
-856
-1184
3284
3672
48
-5284
-5204
1620
10228
13828
-1256
-13432
-8056
7364
4424
-3680
-6192
-14608
-328
3264
8856
-4116
-7864
-6248
-5816
1832
-3616
-3368
-5472
10024
-332
996
-6256
-3544
8180
-4936
516
-348
380
432
-11004
564
4040
6932
3560
-2424
-5712
-1204
4880
6880
7196
-428
-5380
-2056
7884
18936
9960
-10972
-22556
-12448
19256
25748
13512
-23336
-28488
-2160
31196
28876
1736
-23596
-20000
9992
25288
16632
-13808
-21188
-2444
13000
12328
5128
-5676
-14348
2120
10164
9776
-6328
-14680
-4256
-632
15748
2524
2076
260
-2768
4348
-1312
4200
8688
3160
7352
-3416
-3308
-4372
-6136
5332
-8188
-6852
-6196
292
6468
3008
5132
1328
9192
-676
-11472
3464
7196
11344
1036
-6576
3292
5424
7748
-9648
-16580
-724
8120
6820
1848
-4296
-6684
3232
5356
6472
-132
-4744
-5268
7156
12484
1184
2528
-2388
1800
3040
1644
2152
-1656
876
2728
3296
4100
1596
908
-3008
3040
6228
2860
-4704
-1652
2568
-536
-2284
-10732
-1620
2660
6384
-1836
-4716
1012
-8812
1252
6116
12108
-1932
-9016
568
1308
6504
-348
-660
-4212
-5504
2656
-1108
5860
-5768
608
3428
-264
2804
-7012
-6540
7064
-4940
-1648
2780
4700
-232
-9196
1392
1580
9096
2888
-3132
-3332
-7568
5600
8068
-2064
-4976
-3772
136
6272
4220
-1900
-8692
-16380
-4712
6616
9160
14768
4092
-13784
-20992
-6752
26884
17140
-15940
-27396
-7648
14976
21100
-2028
-22464
-15880
400
20532
9704
-8832
-12280
-11184
3140
8720
8964
-5516
-10852
-10384
9128
5192
8420
-7588
-15088
-2708
-216
11532
-4696
1916
1864
5120
-13532
-2580
2152
3012
9980
1236
1320
-4192
4544
7936
-1324
-3072
-11820
-4416
-304
2064
1308
-6568
-4464
-16
2612
-3592
-14188
-9788
4320
13512
14428
10140
-9288
-19900
-5448
7568
5544
-4940
-15540
-10112
5716
4072
9160
-5908
-8204
-5496
-1180
5236
1220
-1096
-6244
-4960
2940
4908
8848
-3308
-256
-6184
-516
5072
4780
5916
-9216
-3440
3500
6104
4980
-6312
-12360
-5280
13540
2776
-3504
-5220
1284
3624
14284
8864
-9236
-12464
-11440
12788
9288
5100
-9548
-16772
-3804
5936
13948
-7112
-8988
-11048
4016
12532
-5064
-5404
-2072
5088
6184
-5600
2640
-5700
884
-9748
3376
1932
3036
-1768
-10140
-3632
-2840
8204
9684
-2092
-2612
-6072
6848
6268
7308
-1416
-7576
-2892
12820
23352
6320
-12912
-20544
-13328
-2472
18636
20564
1432
-27364
-20000
7388
29680
16560
-11392
-28276
-4652
18772
28056
4776
-15824
-11792
3096
18028
13288
1512
-9408
-10480
-1516
7896
3836
2716
-10660
-1656
-2696
11956
424
-536
-8144
-5904
1332
-2656
7544
4928
1252
-1604
-8500
-11084
-4096
252
-3844
1088
-6536
-1124
5944
5972
10832
-592
-3896
248
8364
7864
3108
-8844
-6020
7992
17296
8908
-1940
-18208
-16652
868
19704
11628
-2924
-15744
-4824
13788
13868
4732
-13428
-6652
7896
13400
7832
-2064
-10788
-3880
7400
6692
1000
-5904
-10160
-1960
5988
8736
2700
-4796
-388
588
5948
4
-1724
-1992
-9128
848
-520
6652
-2504
-8572
-968
-4808
3352
2176
-608
-1000
-11140
124
10864
11948
-5184
-19224
-176
9612
13176
-4700
-10572
-7100
692
18456
5432
-568
-17540
-9844
12836
14860
4788
-14548
-8168
5980
7420
8876
-5576
-2740
-3976
3572
9304
888
-3272
1900
4488
4104
-2372
-6248
1972
-2152
612
148
508
-1380
4928
-1616
-14524
-14212
940
10332
23684
9772
-17752
-24392
-5888
27556
21524
-6968
-27612
-21044
4896
23708
9400
-14248
-22884
-908
19892
9668
-3032
-13568
-11396
136
11624
6328
-2172
-8600
-6712
8392
2572
4568
-4988
-8512
-1860
2736
7420
-1712
9352
-5552
-10352
-3284
-4176
7612
748
3772
-1040
-5768
9704
8656
4052
-9408
-9868
2868
788
-8724
-3588
1524
2788
720
-4228
-940
-876
332
-12796
-9772
3400
15888
17192
-1548
-18092
-16108
2844
13752
10460
-6868
-14604
-11696
1780
14268
4792
-9176
-17288
4068
12248
3804
-6720
-9124
-2216
4028
9984
200
-7692
-3076
-1408
4864
7636
664
-6344
-5880
1616
-4752
5420
5124
-7756
-6100
1056
9708
3756
-3208
-1172
-4764
2356
4876
12832
-5896
-6888
-1940
14692
3348
-4536
-9292
-10612
10448
4044
5096
-8312
-9980
-1504
-836
10328
-4540
-8356
-11648
2624
14628
3476
524
-8356
-1440
3204
1968
3280
-6728
-388
-2776
-7052
3052
-668
3280
-3208
1032
-1964
228
-2328
-712
4576
-1332
5496
8968
13248
6748
-3376
-13732
-12716
1880
21976
17980
-7996
-29516
-18804
16620
28364
10332
-18088
-22892
-3964
21344
20292
176
-16128
-16404
10668
17432
10544
-7864
-10328
-1860
8452
8836
-4420
-5576
-10164
2756
388
7124
1204
-2848
4216
-2340
5832
-1588
7808
7640
624
2680
-8152
-2052
-5580
-512
1768
-6592
160
-364
12776
5596
6804
6732
5992
-988
-13100
3168
11236
8972
1524
-4660
-1052
-744
6564
-2872
-9248
-1816
4548
7976
7160
2932
-3024
-3872
1980
6612
2256
-1828
2612
4712
2680
6484
24
-1592
3156
-604
1008
-1364
-3488
1032
2464
4080
5028
96
-7624
-6764
5572
9744
556
-2288
-3024
832
7436
-1444
-5544
-3684
468
1492
472
292
-5192
-5124
-3536
5864
1372
-4084
-8496
-2420
4456
8136
5784
-644
-2436
-12140
8268
704
3212
-7512
-5424
6916
5720
-564
-6840
5280
8896
-176
-64
-2668
10268
1384
-6324
-1684
-4240
9900
2644
1272
488
-6612
6444
5248
4252
-1624
-5356
-3744
2852
5136
-1876
-16556
-12028
3556
5860
8072
12492
732
-13896
-15112
3716
20928
13936
-10088
-22320
-12556
11252
10896
7428
-10088
-20436
-10268
7168
6600
-524
-8144
-9704
-6144
5980
8804
-4868
-3584
-3244
4816
5460
-1472
2800
-7128
2812
828
6244
-5880
-1220
-1376
-6912
-1796
-7952
2232
1424
5148
10284
-3776
-1464
1288
3792
8960
-3244
-2624
-11464
-6532
-304
1888
7196
-732
-10580
-6024
3052
4212
-5904
-3804
-5316
1740
17368
4428
-5288
-6552
-584
5148
-3116
1456
12
152
-1264
-6772
-2784
-564
-84
-2396
3724
88
-1528
-1704
744
768
-1860
1556
-1696
624
-7372
228
5396
8392
4172
-6624
-3968
-1312
5892
3968
-7484
-3124
1056
5784
2200
-1520
4292
-3312
3948
-3184
8276
-1624
-4516
-2800
-2236
8560
-3756
408
-17952
-8064
5476
15456
-4068
-7168
-11184
-4848
11464
1248
-4664
-8280
-4512
8428
2192
5176
-5804
392
-4572
-1768
5928
-2872
-820
-1936
-3616
2700
1264
8004
-336
-5284
-996
3680
5468
5100
1640
-5484
-4636
11704
20104
8784
-13288
-27032
-13704
3872
27124
20092
-6160
-29344
-14608
12860
25852
14556
-12860
-22184
-8880
17216
23752
4632
-17916
-10724
8808
12080
4312
-2532
-6708
-1092
5732
4272
-1692
-8832
-13068
2264
4064
8012
-7616
-4296
-5536
3600
8884
-5208
3092
3380
4368
2120
-3436
3504
-5368
740
-3072
-4508
-3096
-8112
7192
3300
11652
5456
-3544
-248
-6648
12392
18888
-2012
-12092
-6956
15040
23528
3544
-20120
-24288
-3252
22076
13020
-3488
-12048
-7380
6052
12424
8872
-1880
-6968
-6084
10348
14116
3332
-9968
-4472
-316
9728
6212
-5036
-2472
-2248
4480
5172
4964
4256
-3700
-4200
4868
4840
8244
-2864
-2528
-1700
1536
4204
-632
-284
-8352
1180
-612
2680
608
-10896
-9556
1348
15964
5504
-6392
-9984
-3080
13168
8636
15220
-6396
-12036
-7580
4208
12156
768
-9756
-3076
9008
2556
6200
-7948
-3968
-4276
-1636
9928
-1720
1224
-4252
-768
7188
1904
-560
-7260
-2512
2900
-532
3980
-7064
36
-2636
-5508
-1708
2968
7184
-3412
-22408
-13368
3080
16444
17928
5708
-18208
-29692
-7920
23588
28924
-2732
-28984
-20836
3440
27852
9492
-9908
-28016
-11828
11472
13948
3104
-15016
-17576
-4524
12156
8116
100
-8064
-3052
6752
4244
4892
-5180
-2960
-5424
4332
1632
6128
-5092
-312
-5712
-9484
-4524
-7580
12368
10656
7464
-4172
-6576
8128
7808
8076
268
-8708
-3560
-5848
496
-2824
-40
-1792
-6588
5036
7564
1180
-16324
-17020
736
12800
18304
-7472
-25268
-16636
11716
18124
6640
-9812
-14704
-1424
4768
10892
-2472
-10020
-7112
-852
5188
-280
852
-3800
-6828
-3624
3916
6876
-2128
-3504
-5376
-2928
7136
5172
-2372
-3776
-1436
3324
-2396
584
-3156
-4540
7124
9540
4880
-6952
-8852
1472
5772
13488
2460
-3316
-15948
-964
9804
7172
-224
-20688
-9792
-2864
12100
13000
-6600
-3448
-6680
8160
-3308
-436
696
-12220
4152
4420
4584
-6416
5928
-3376
-6092
-2696
-3780
8588
-1524
-6728
-5628
1548
11084
7116
600
-8504
-10400
2352
8912
7328
-3444
-12704
-8356
10900
23372
14696
-8060
-24484
-19556
-4444
21676
29980
-7540
-30088
-17072
15016
26844
14488
-13592
-20908
-8300
19416
20388
9768
-13816
-12952
3576
14000
11344
548
-10796
-11224
4428
13328
5868
-3968
-14756
-5208
7300
6256
9900
-8860
-3816
-5956
3452
184
-3200
8056
6592
1984
-608
-6536
-304
48
1016
-3548
-8036
-5128
-1536
9744
12272
3352
-6368
-8220
6280
9128
15560
-4488
-14652
-5124
10816
17840
5064
-6328
-18240
-12204
13760
17780
1604
-13848
-1656
5936
17084
4440
-7536
-11252
-1356
8516
8916
4004
-9716
-5752
1616
6836
4616
-4080
-2648
272
3228
488
-408
2164
2044
2756
-2888
1320
2784
1028
-2124
-2408
3124
8704
-1920
-7784
-7556
1104
8152
1936
-1844
-10652
-8660
-48
4896
13100
-6356
-9080
-5144
8808
14620
3972
-8848
-10348
8276
11024
9296
-6044
-11788
920
10728
17104
-6424
-13416
-5640
6616
12472
-4092
-6720
-3736
6124
3584
4264
-4048
-1564
2668
-868
-280
-808
1460
-816
2524
2484
-476
-3696
1068
1388
384
-5736
-12240
-6272
1952
15616
18456
5528
-17632
-21360
1116
27408
13544
-15624
-26360
-212
17884
8912
-6956
-17092
-9552
9240
9596
-2052
-8768
-10664
-4532
6048
10512
6804
-2084
-3656
2264
9632
6052
-192
-2848
-11420
2424
-424
6968
-2336
156
-592
-7984
-8732
-10272
5756
13264
1936
528
4060
-3704
6872
808
428
-3300
-9816
-4788
-10012
3564
6732
6316
2800
-16280
-3216
2108
7044
-3184
-10932
-6400
4408
19840
6964
-2940
-11960
-6516
6420
4108
-3544
-7544
-2568
-1596
5012
-1132
-3440
-6504
-3116
5920
1800
2916
-4804
-5516
5024
3312
1996
-2252
-5912
-748
3896
1432
-1884
120
-2796
4268
884
5592
1080
-3864
-4128
-5588
4680
6708
2196
2180
-676
856
3556
6448
-1924
-3740
-4128
3200
7340
3412
-8604
-12924
9424
4628
-808
-9344
-11916
-2604
-984
5848
-8648
-8324
856
3684
6528
-11936
1540
-712
-2292
-3480
-3528
6784
-620
-5348
576
-3964
1652
7096
-268
-2348
-8100
-2388
3096
3336
5596
-4772
-5412
5220
7608
10400
-948
-13904
-12504
-10656
1364
19700
17540
-3112
-24792
-13516
17528
28000
9912
-9064
-17640
-2028
18828
15772
-11788
-16908
-1232
12912
14088
2416
-11532
-7428
1308
4916
2868
-5176
-5904
-7324
3060
7972
8340
988
-9216
-4096
-400
2192
-2140
10648
10540
3376
904
-11452
388
572
368
424
-13588
-9460
2664
7256
13488
5024
3816
-2152
-4328
-1740
7132
11820
-308
-5000
-1836
5356
8040
564
-6188
-15692
-3684
12316
10592
680
-1952
-3836
2688
3596
6876
-3064
-3804
-4148
4128
9324
2572
-4384
-504
2176
2448
4056
776
-6988
-4604
1324
6016
3136
3924
-4580
-5408
4024
8428
4956
-5004
-5144
1860
6408
4932
-3332
-6836
-6428
5344
-156
7064
-2524
-6372
-6800
7132
3996
-3520
876
-3052
2868
-1724
8084
2868
-4744
-3324
-7024
5304
336
4068
-7292
-3668
3812
4040
7104
-7692
1824
3016
-1212
5516
-3276
2596
-1968
-4644
4636
2944
4204
-5520
-5088
-2040
2516
3984
2588
-7152
-4156
-5060
7940
9124
64
-13800
-11704
5244
7224
924
5332
6936
-9912
-10160
1636
19552
10748
-8792
-16136
-9772
6144
15788
1768
-12360
-16248
-4184
12716
7472
-2632
-14968
-14020
-76
13496
8836
-820
-11324
-12
2740
10624
2316
-6524
-6092
-1800
7436
1660
7024
-1004
-2652
-5776
-12036
-4484
-2524
4376
4984
2088
3268
-6748
10424
3412
6300
7328
-3916
-11972
-8384
3472
5272
5720
-11908
-15168
-3004
8564
1988
-9196
-9296
-2932
16220
20892
-2928
-17504
-14260
8476
7752
6716
-5664
-8852
-6016
3216
10156
2144
-1952
-5088
-2476
3360
2692
-120
-960
-924
4328
-1096
5588
6884
-6296
-2160
-2392
3960
9316
1004
-6404
-8020
1628
9252
5904
-4048
-9784
3824
7960
3456
-3664
-5316
-1060
1572
10420
7008
-2276
-9016
-5456
11276
7928
-5064
-10856
-6776
-856
10112
-1108
1032
-11392
-8192
4232
2624
6396
-14080
-4312
2760
808
872
-9000
4680
-1632
-5920
324
-1064
4992
-12
1620
-10672
-7312
6760
6228
2384
-8056
-2692
4836
5576
7072
-7472
84
4376
12948
15788
324
-15236
-17244
-11080
5952
25072
16068
-11596
-29864
-12332
18908
27032
11248
-13976
-21776
-1720
21204
18740
-76
-16252
-3720
5448
9448
4944
1596
-3060
-10100
2892
7196
4636
-7512
-800
-5928
10936
456
5412
324
-6588
1616
-292
224
-3788
8532
11412
4700
-1696
-14428
-4176
-4008
-2452
-1176
-10336
-132
5992
5480
8912
-1796
-5324
-3128
7208
10564
8516
-6824
-8068
8420
17292
12844
-3020
-20516
-20304
-752
18116
12660
-1716
-18508
208
5516
16196
5856
-7736
-6060
-8952
6504
12468
172
164
-5400
3160
6192
3828
68
-3724
1284
-1828
1084
3476
1344
-4132
1564
-2344
6600
2488
-944
-5164
-8792
1072
5168
2520
-1344
-9428
-2212
-4564
2640
584
-732
-9124
-400
12892
7300
1612
-9648
-5540
3244
7100
9368
-6060
-6388
2412
4520
11332
-2996
-6716
-852
660
11916
1208
-868
708
-6028
-592
2032
15200
-2820
-9012
-412
-2576
7812
552
-656
-3640
-3612
6560
360
1024
1840
-1940
-3196
-2340
3032
2208
-10416
-15564
-5864
3900
12088
14920
3204
-16612
-22856
-7436
23772
28476
-3356
-30068
-22480
2576
27212
16196
-9696
-27316
-10688
10632
15320
1388
-13236
-19276
-3240
8576
14012
4388
-4488
-988
3968
11692
-4176
-4316
-6352
-96
6492
3236
1780
-4284
1576
-3360
-12800
-1220
-1368
7508
504
2796
3908
-3664
10208
1560
56
-11040
-16148
-3740
2124
8300
-644
-9768
-9692
-3164
13628
5184
-19884
-16048
-6408
13396
18644
12228
-9600
-24892
-8772
10352
14460
680
-15364
-10792
1832
11112
11752
-4880
-11896
-6224
8368
5756
1532
-4996
-5720
-1788
-440
9116
2064
-4772
-4524
-2584
8376
3268
-4124
-7932
-1072
2320
8084
4188
-4156
-5704
-1128
9784
9356
-1476
-11552
-7556
3056
8316
16932
1420
-11624
-10552
6728
13848
3052
-5736
-16060
-5384
1824
11500
8096
-13016
-8440
-12272
11148
2700
-2800
-14388
-2764
-232
-628
1652
-3196
6468
-8336
-7220
-2076
1136
7508
-1192
-3060
-4672
6016
10276
2840
-292
-9196
-756
4572
1396
136
580
-10680
2964
18260
14364
8468
-12040
-18124
-11416
1496
19192
20644
-1836
-29864
-18284
9684
31196
18640
-5624
-20284
-14864
5864
14968
9708
-3976
-10672
-604
5136
11140
7012
-5172
-12100
-748
7264
7828
492
-2952
-1168
-4648
7832
3508
-10328
-5436
-992
-3824
4760
-5072
5120
2636
1836
-6376
-9072
-2940
2336
4844
-4852
-8256
-644
1460
12064
12480
2200
468
-9380
-1692
5836
16148
1640
-12304
-5492
1928
19256
10272
-7300
-17936
-5204
14672
17208
3384
-7392
-7240
-116
9564
9392
1964
-5500
-1768
3108
2312
5140
3248
-2564
-524
-4760
292
2332
1796
-928
-1620
2260
5408
5228
-4736
-13640
-6076
4288
4464
224
-4396
-820
-2688
5800
40
-2384
-5436
-6216
4652
2272
4228
-8064
-13120
532
7888
12400
-9664
-11664
-3116
4860
10992
-7200
-6116
-3896
4596
7180
2216
3312
-5276
6936
3752
6284
916
1280
-64
6108
-304
-7232
8060
-3564
4284
1488
-2688
3512
-984
-1796
-4080
900
7792
352
900
-3560
-3732
-144
2980
9276
4804
-13668
-27064
-10880
8232
9912
7848
10212
-8000
-19996
3248
30876
21604
-9092
-24692
-15660
10268
21444
4928
-13324
-13804
-3296
8624
6420
2876
-6328
-11452
-1636
4888
7288
724
-5568
-672
4100
1836
7632
-8116
-2128
-2564
1412
1928
6632
2368
-3256
-4156
-824
-7064
5488
-2916
6396
8756
1492
104
-3316
9504
3412
-8132
-5312
-10964
-1004
-404
1708
11144
6632
-3128
-13900
-6088
2584
2744
-5428
-8016
4208
12092
2768
-5680
-12640
-1800
4840
4088
700
-2456
-4284
5540
2872
-680
-5284
-6768
252
1772
4640
-3128
-2040
652
1072
3264
-2444
-852
-2484
-6588
-4232
3524
5252
768
516
-4448
-8376
1804
3364
380
-9228
2936
3036
8144
-2348
1492
332
2212
14336
4296
-948
-12484
-752
3504
10320
7624
-5912
-8000
-7056
6872
9948
2792
-4876
-17384
488
2552
8076
-3340
-9192
980
-1024
2820
-2316
-2392
-2356
-4388
1180
6404
-5776
252
-6500
-2376
268
-1764
6772
-3964
-6952
-1056
156
6184
4188
2520
-5352
-8288
10860
19156
15460
-8052
-20064
-16056
-10616
9452
24688
12404
-18168
-27088
-2880
22596
12636
-11092
-20164
-2636
14536
16884
7452
-9244
-6768
1688
11660
11552
5856
-7772
-13684
-824
6260
8824
-5896
-6892
-7824
3052
11020
7336
-224
-9772
-432
-1616
5112
2268
2616
11436
-4104
-14000
-8516
1256
-3296
2276
-11712
-13812
-576
7724
18244
5592
-264
-1660
-6784
1364
5996
8340
2672
-2780
-1868
6304
12392
2688
-8172
-20088
-11360
12144
15460
5108
-6924
-7424
-572
8668
3440
-344
-9036
-3992
4916
9896
4280
2376
-7764
-5532
7684
8820
6716
-3784
-8400
1072
780
8536
1488
-6124
-8684
-5084
4100
3928
7524
-8496
-4580
-884
2820
5084
-12120
-7124
212
-680
-1248
1720
-8664
-5172
7568
5580
3452
-7396
-424
-4468
7368
9748
4216
-1348
-13536
-288
2404
9904
2628
-5876
232
-5868
8324
-1952
-640
3476
-3376
4496
-5696
828
7092
360
-500
-268
-712
4900
3660
-7944
-8488
708
5256
5908
-7728
-9500
-2488
7200
5992
-88
-10940
-15740
-9216
5788
16216
14228
8556
-13428
-27432
-14004
20788
26424
1544
-25508
-27236
-2144
24180
17088
-11068
-22872
-8496
13284
12644
-560
-9616
-15932
-2440
7048
9436
4496
-7564
-6560
-5432
6956
10196
6776
-13348
-6368
-2912
6048
9460
2168
2588
-10692
-2404
-3956
1240
2044
272
7528
696
-1840
2392
8308
664
-436
-4896
-10248
-3240
928
11692
2412
-7064
-11092
-368
7408
-544
-14048
-12884
1812
17320
15240
3360
-18712
-21468
3216
14412
15016
-3688
-19988
-4972
8736
12412
-692
-10144
-9876
-144
2316
2812
-624
-3216
-2360
-3468
1804
364
5076
1608
-3540
-2712
-3780
-4240
960
676
-6320
72
740
3676
2560
-1592
2224
3096
3340
8340
-13212
-2792
1300
14004
13312
-9104
-8684
-3368
3004
11408
1568
1404
-14652
-6712
444
7548
7340
-13872
-11204
-4148
11488
6572
-9088
-8424
-4672
10444
1476
-4292
-808
-3808
2792
-8192
504
4528
-6604
1876
-6476
1888
2696
8852
-5140
1588
-5320
-4412
4616
8592
6460
-5776
-7724
7284
24084
17696
-5164
-26712
-22948
-3960
20732
29916
3800
-27256
-27716
4904
30724
18740
-4728
-24968
-11520
10708
21900
13836
-13144
-12772
7108
15756
11392
-564
-11184
-6172
4676
6532
7592
-8740
-560
-1988
1572
9492
9604
-448
-7500
148
-3072
6356
656
1336
6200
-2584
1312
-8932
-6044
2116
-3572
-244
-5044
2460
948
3324
3580
5340
-2024
56
-1588
9900
9324
-2516
-4696
-1812
13896
18224
-376
-15744
-22004
-8708
10196
23568
6796
-13828
-14420
652
13904
12680
3400
-6484
-1972
2704
8884
7272
-7132
-3908
-244
3744
2376
972
-1816
-4220
1500
744
3352
-3304
-1224
1692
3612
-1780
-2588
-956
-1320
7096
8240
1248
-2604
-10804
-3748
-3028
7008
-2388
-3484
-3916
-7284
-356
2096
5652
3160
-8236
-1852
6512
5968
1568
-2192
-9736
1336
692
4732
1072
-1796
-1208
-2624
10500
1144
2160
932
-10136
-1008
352
12576
4896
-4368
-3964
-7720
12920
6308
-116
-4568
-5592
5560
6572
2560
-408
-2828
-1428
-1752
-1736
-64
-5540
-15700
-8468
828
10612
11788
10584
-6696
-18908
-16088
11500
24488
6780
-21152
-28996
-8832
14336
21324
-6480
-25272
-16096
9212
9852
-540
-8388
-13304
-2700
1096
9752
-3740
-10456
-4196
6772
8936
-136
-176
-13592
-960
1840
12360
1416
-2032
4316
-3760
112
-13772
-2556
2516
2892
13032
-1752
-3728
-832
6532
13532
-3092
-13196
-14908
-3572
5520
4652
388
-9280
-9412
-5988
10604
-5668
-16252
-11672
4920
16808
12692
1328
-16304
-12504
-1832
10976
2976
-5484
-8096
-2280
3968
2428
-2652
176
-5772
720
4144
2208
892
-5536
1564
1144
-1140
-1880
-6996
-3948
2144
-3772
4032
6484
4652
-6456
-6608
-576
1108
7324
-3300
-3808
-2616
8572
8080
-1028
-500
-4008
5732
5188
5020
-876
-5376
-1384
796
9644
-88
-8020
-4884
-4844
13220
1472
-13532
-13540
2152
544
11024
-5068
-12128
-9352
-1012
10992
-3992
-1120
-1080
508
2968
-4352
5292
-3136
-500
612
-9976
3496
436
7472
3620
-1904
2060
-5440
1868
7372
2692
-4648
-2856
13000
18976
1916
-11804
-18308
-13724
-2572
15568
18308
2960
-26132
-23880
7688
25284
19248
-656
-25008
-9696
7064
17248
12572
-8632
-9460
-3964
7612
8412
8888
-1432
-5472
-6204
4308
7564
1600
-7984
-2264
72
6088
7300
-3520
-1284
-6452
1628
-3208
5924
11840
5396
9312
-6376
-7124
-3936
-3232
5904
-6572
-4752
-2600
796
7976
6272
11408
452
-2564
-1576
-2196
9888
6416
-1480
-5988
9208
14532
13320
-5736
-19896
-12840
8688
14704
5328
-5784
-7620
-2228
11736
8928
6740
-4424
144
1380
3876
-448
1016
2684
3204
6512
3540
-1192
-1384
-4388
2912
2072
-1628
2780
2532
-6564
-2132
720
-1636
3472
-1460
-10144
1276
2004
-488
-6824
-2404
-664
96
-4264
-2264
2324
-4440
4316
3980
1072
-5232
-9844
7288
6508
9688
-12832
-11308
-7196
7232
13100
4648
-2632
-6856
-3596
14964
9740
-3692
-8400
-7288
8336
2188
3416
-1596
-3212
6592
388
-412
-4040
2496
3212
-3456
2708
-1584
2564
1680
2040
6084
-7916
-5284
2548
10312
-700
-17104
-17648
1000
13244
8152
3836
-10396
-14840
-5116
14888
24620
1288
-16772
-17960
-2336
17296
9612
-9328
-23512
-14168
8756
13952
-524
-7448
-10728
-7524
2904
9052
6064
-900
-5552
-9288
2928
4396
3676
-3452
-872
-1300
6504
412
548
4556
-2844
-2744
-8552
9884
10800
4016
1292
-2764
5500
4952
6928
5088
-10188
2732
-9984
-2652
-5232
-1860
9304
10160
-1180
-12260
-12032
168
4140
2680
-4436
-1992
10632
9396
4284
-12448
-12920
184
1936
3056
-2264
-1196
-2104
720
1840
-3460
-2820
-5148
-3632
228
-2496
-288
-3276
-1684
-160
3304
4652
-1572
-3664
-2492
2264
8348
4340
-5456
-7880
-7368
892
7060
2404
212
-3756
2260
4444
9132
2168
-5360
-568
1344
8964
7360
-3312
-5544
-2432
9432
2568
-4360
-4412
-8168
-704
4372
15092
1096
-10936
-11044
900
12152
2204
-6900
-11996
4816
1856
4748
-3916
-3856
-2556
-4092
4872
-3756
-260
-4172
-3736
6572
-3960
-4028
-2436
768
5644
-4248
-1900
1712
2368
580
-1208
3016
14216
14704
856
-16832
-9276
-7160
6792
20824
12548
-15492
-25988
-2848
21012
21636
12444
-16948
-16120
-1500
16384
13828
-6408
-14936
-5428
6952
13356
10236
-6468
-7596
-4832
3904
3040
388
-6108
-7624
6660
-1248
8040
-1968
-4672
-6536
-3084
-4572
8320
3656
2808
4292
-8280
-1552
-3932
-244
-2496
-11080
820
3112
8260
10200
3840
3000
1668
-1636
-4216
-1316
11516
11432
2860
-9640
-3284
8112
7608
2952
-10684
-15208
-6648
9364
10972
-1420
-8424
-2972
5524
8488
6908
-2152
-1900
224
5396
7748
892
-104
-2376
-928
1924
5412
-2348
-11240
-5204
-492
9256
6984
132
-9556
-5460
4656
5816
4892
-3464
-712
-2148
2600
148
-1232
-4452
2824
5168
-2312
-4508
-8824
-1592
-1020
9244
7692
204
-8476
-12476
3244
9716
12168
-4844
-10964
-4808
-4572
10988
5056
6088
-10304
-15488
3576
6920
11008
-10344
-7132
-3280
10100
-928
7808
-1596
-5180
3108
1888
10848
2840
-4588
-3400
-2316
7220
2552
1840
-7464
-7600
868
6252
9844
-4516
-17260
-21128
-3816
13308
22384
10688
-4968
-17528
-18472
7656
27544
15644
-12736
-22592
-6848
17964
19304
-5124
-16688
-15584
2996
13312
6400
-4972
-12080
-13472
1728
8544
9936
-9004
-3356
-2744
8524
1904
1396
-6540
-9592
-316
2500
6332
-5324
4148
-9680
-5156
-2284
-2248
-3124
3168
-3968
3396
-1896
6444
8176
-880
-1576
-12120
-9404
-5188
3216
4816
-28
-8984
-10628
5420
11848
852
-16264
-26932
-1416
17568
23952
10364
-15704
-24668
-4164
17988
16660
-8204
-12316
-9416
8968
12280
3948
-8020
-11380
-8232
5284
4840
2496
-6536
-7540
1860
6204
3100
-1360
-8476
-6148
-4396
40
5524
9956
-2088
-7176
4796
6492
9492
-1228
-6620
-2380
6612
13680
-1140
-6040
2820
6088
6968
5240
-5868
-11872
-3432
1068
11892
-612
-5452
-12680
-6244
3900
5028
5788
-11464
-1352
-4396
2368
4572
-4676
-5208
-3560
4772
-488
-8884
-684
-3268
6280
-7428
-5984
2076
2508
-3832
4628
-5016
-1112
5072
3016
-3108
-11432
-1252
-872
4452
2212
-7440
-8952
-1304
13280
25772
6408
-25340
-24792
-11056
10132
31100
18632
-12076
-29712
-15240
20380
29648
12400
-15900
-21588
13060
17264
11108
-1456
-6360
280
5180
4700
4884
536
-10272
-7356
3076
9384
2120
-9592
-9188
3976
272
16812
-512
-5968
-9516
1120
3720
-1396
5260
3364
10156
1288
-6596
-3884
-7868
1940
-5820
672
-804
3432
9468
6980
3404
-5604
-2012
-3228
11416
14988
4620
-6884
-16004
5792
20928
10728
-4076
-22824
-17316
5484
29228
12624
-5520
-9220
-1024
14696
9372
-2188
-9684
-8744
5748
7776
7964
-84
-9868
-1416
11048
6500
-3520
-4424
-7056
-2052
1532
6968
1096
2876
-4800
-1716
360
2724
5208
-3180
-320
-5760
3816
3644
-512
-3404
-8000
844
1460
1524
-1684
-4144
-5404
12200
6904
4068
-8436
-11368
-1112
4636
14516
468
-4840
-10192
-1852
15756
6376
3708
-10356
-2544
1616
-368
9104
-3288
-108
-6820
-1328
4596
5280
-396
-6404
-3400
6060
4616
4604
-6336
-1036
-4384
5624
-2528
-2068
-7580
-4264
5076
10232
6604
-3708
-10920
-10712
-1064
384
7956
14048
-1056
-13964
-16784
6416
25776
14300
-11088
-24384
-11928
9472
21708
4060
-11640
-16376
-1972
12528
6404
-6220
-14064
-7504
-1072
11772
2668
-3852
-4072
-1176
2176
9136
2560
-3032
-10292
-6260
2436
604
4772
-948
-352
-7868
-11152
2432
1036
10584
4948
-5332
872
-3332
12660
6848
-3472
-4424
-10124
-9596
-3032
4812
2252
736
-7516
-5764
2500
-1660
-6540
-13224
-1196
6620
12492
8452
-9112
-11004
-10148
8552
6712
2064
-10360
-10024
1164
8396
4784
-6608
-7656
-11832
1988
5984
860
-11468
-9176
4224
2452
6296
-3004
-4084
-256
1236
1900
-2080
344
-5740
-4652
1812
-1456
1088
1512
1456
-1560
8096
8848
4396
-3232
-8056
-856
6680
4292
6356
-6248
-4780
-1136
8364
11820
-1448
-4116
608
388
8180
-9428
-6728
-12956
-6532
5280
464
3500
-15008
-1276
4076
6228
6064
-8672
-1440
-7352
-4752
-4432
3276
8828
-1988
-6596
-8972
1548
8288
6136
480
-6056
-4232
4180
15152
624
-5536
-10748
1620
15004
15540
6300
-9664
-18436
-14344
7456
28672
22512
-8652
-30092
-17852
16256
29416
10236
-20696
-24404
-1396
18748
21276
1672
-14304
-9964
-1780
13944
18648
2284
-12640
-9764
2868
4660
8780
-5820
-9472
-4904
3560
17384
-7060
-9976
-8832
6764
4656
-3048
8324
2968
6796
-3164
-1300
-5764
-7076
-1260
-3604
-248
2580
-492
7192
816
10224
11212
3228
-7504
-14656
1592
12808
7324
-324
-64
-120
4512
340
-2972
-6248
-2448
8
2396
7184
2776
1496
-408
-2672
-24
-456
2140
3896
3440
80
-1276
-976
3620
5552
772
-5332
-6208
1108
5472
5264
-2796
-972
-1488
-1900
-1148
628
3164
-3892
1016
-1968
-664
5804
1580
-2724
-972
-3876
5308
2564
2544
-6764
-1884
-7376
3604
7780
-240
2324
-6812
2796
7688
3992
-6136
-6492
-1708
8864
8356
-4704
-3856
-8656
7848
11584
3336
928
-10352
5508
-2268
3804
1380
3264
7816
-3976
292
7236
1260
4760
-5376
-1056
-3976
2896
6344
-4092
-4228
-7256
256
1972
2816
28
-14452
-16812
152
11044
6140
7172
6080
-9164
-17972
-3012
24612
17948
-5876
-24284
-16368
6960
21352
5192
-13788
-15572
-4892
10436
5464
2956
-8936
-12540
-6276
1716
11352
4604
-3880
-7240
32
6048
-856
1752
-8932
340
2880
1220
6268
384
1808
-10724
-9376
-6964
-4484
9620
5916
8408
-124
-1468
4296
3952
6564
-5916
-6812
-7756
-6648
3144
6836
9632
-2100
-13188
-9808
11152
-2308
-13296
-7720
-3684
14780
14888
-2392
-16812
-9964
6504
9736
6724
-6384
-12040
-4900
7444
7256
2852
-10728
-8504
244
5888
1024
-5316
-3544
-604
1032
-2200
1384
-1660
-2864
-4492
268
5796
5728
-2412
-2184
-4324
2372
4152
1812
1656
-10052
-2084
2000
8740
3184
-2120
260
-444
9380
7992
864
-13832
-10740
5552
7724
11708
-2960
-10408
-10336
5532
16148
3932
-9052
-14456
-1004
10884
1660
-13520
-5692
-3576
6064
5036
-2152
1276
-13436
-2812
3308
2096
2816
-7156
-4708
-8584
-2592
5596
2928
688
-8368
-2184
4776
5580
9804
-5172
-5416
-6568
11136
25628
13900
-25156
-25300
-6916
16416
27988
11308
-17636
-27432
-3288
24144
29244
2308
-24580
-20932
2152
25344
20032
-5832
-16696
-1288
10500
13356
6888
-1304
-12872
-7984
1828
10984
3480
-1260
-8212
-1664
1752
5120
664
-10920
-308
2804
-624
5052
4680
16692
1356
-5256
-4944
-8348
3816
-2144
-1304
-1212
-9328
1548
2372
11736
11988
-5060
-14296
-8944
13348
15176
6468
-13216
-17780
2080
21552
21132
584
-27896
-19044
5352
24620
13360
-5992
-16804
-6452
7616
16572
3012
-5664
-9724
-2784
15132
12512
388
-16108
-3000
5868
12428
10084
-4928
-10928
-2644
4124
2984
1840
264
-3652
-4216
-3008
292
6392
-1468
-4880
4732
5700
-5728
-5564
-8848
3104
9100
4756
2272
-6648
-8392
-4184
4344
5112
-524
-4088
-8128
6016
7932
3624
2544
-2704
-536
-3960
9836
2244
-2356
-2832
-6836
9000
12924
-5068
-2064
-5868
6504
1296
-3100
3340
-2784
8160
-1988
-1288
3668
-796
6604
940
-3432
-360
-1912
1928
-2484
-136
-2368
-3264
7080
4996
-9204
-17464
-7856
6560
16392
18264
2572
-18152
-16496
6572
27976
16988
-14604
-28388
-14620
8480
22256
6984
-15884
-25104
-5428
16180
7484
-4320
-11364
-9524
1444
10016
4916
-4232
-3328
-1760
5620
6524
2944
-6464
-3036
-3732
9440
1120
132
1080
6208
-3944
-10304
-4632
-940
9840
-456
1160
2872
5408
7444
1152
7412
-9156
-7048
-9200
588
7756
304
-4984
-4428
4252
3004
1996
-13116
-18800
-1792
12236
15876
14384
-11988
-17856
-7696
14140
17404
-1796
-16892
-15400
600
11836
8468
-2408
-13552
-14008
2308
12020
13356
-1052
-7704
-5012
712
6816
1436
1176
-6948
-3224
-1384
4924
768
-3920
-3160
-3356
356
1308
176
2556
-2948
5716
8636
6320
-5848
-4880
5680
2180
3884
456
548
-8072
572
6236
2568
-672
-10996
-1312
-1616
6792
6604
-6668
-6052
-12144
3940
-444
-1288
1372
-4548
4628
-4376
-3780
356
9128
-5876
-5176
-624
-412
4572
-1668
2508
-7296
-5540
4188
3380
4508
-3112
-2968
-2864
88
5396
-228
-2712
-3688
6360
17760
15068
-7260
-23712
-20080
-976
24456
22512
-2276
-29780
-21076
17440
30180
8124
-19916
-24076
300
24504
17124
-6568
-20392
-4064
15972
11968
7604
-6596
-11620
-4100
4552
10936
592
-4812
-9488
5404
8864
9732
-612
-13416
-496
-804
9100
-2828
-2060
2376
4812
3368
-5676
-12196
-4712
-4192
872
1396
-4296
-2616
3416
8564
12968
3884
-4008
-11260
5076
12656
6752
3232
-11512
-2592
11008
12108
-424
-11684
-22448
-9444
15316
13956
5260
-10000
-6832
596
8292
1240
588
-1184
-1964
4956
1320
844
-800
-3256
3520
-156
220
-3892
-2220
-2360
-1772
3288
3924
-180
-6532
-11328
1900
6064
5680
-4724
-2632
-7932
-960
3764
6536
-1260
-7428
-3168
3108
5400
4780
-10972
-18536
-4700
12000
14688
-7420
-3468
-11028
844
11832
7896
-212
-19416
-1040
5384
12440
-3696
-14240
1964
9376
9600
-6508
-5688
120
1664
7196
-1348
3948
776
-3556
-4788
6168
3680
1728
-5264
-11368
1076
56
7436
60
-3848
-3500
-1252
6724
2440
-3200
-11084
-16844
-6104
9464
22176
14356
-876
-19812
-22348
-4856
27228
28004
-2588
-30056
-25308
4692
30120
7464
-23016
-24164
-3108
20868
17812
-3872
-19992
-17968
40
9716
2580
-108
-7736
6360
8720
8056
-2304
-4892
-5068
-5492
9724
-1856
2508
-936
1792
-1696
-12596
-952
-2348
4024
5552
1108
2636
3200
2544
10912
-5132
-4144
-5920
-4764
-4184
-9244
652
11764
9892
-6312
-18716
-8232
2032
4752
-4352
-3820
-2640
11868
12460
-9444
-9316
-3760
928
1968
-1984
-2828
-9944
-6344
4804
7740
-2592
-6744
-228
-976
608
240
-1828
-3672
308
-1244
780
1992
-1772
-7096
-4412
1632
7760
2696
1696
-8672
2276
4948
2712
4080
-6228
-2144
2408
9536
1804
-6252
1996
-4828
3248
10252
-2856
-14216
-1436
10228
10876
-3720
-14148
-4272
376
8128
-2428
-8524
-12172
-9032
6288
4572
7312
-16636
-8344
-2004
4192
10652
-7160
712
196
2368
4604
-5088
3420
24
-492
708
-9456
724
11376
-332
-1656
-8144
2584
3608
1204
3268
-5120
-6536
2088
14184
18720
-5456
-14560
-15632
-11844
10144
24324
7736
-22148
-30112
-1048
28224
27616
-1012
-22040
-12860
9340
21872
13828
-9544
-11368
2812
10228
16348
7752
-6444
-12964
-6888
3532
9540
1256
-7148
-7096
7484
2276
7516
-164
-3388
2800
-7484
88
36
12112
12412
-3400
-4428
-6864
-5516
-1544
-4156
2248
-1496
4116
2124
2752
7432
4024
-664
-3332
-4052
220
7888
7940
-4196
-488
3532
9324
12148
-5756
-18640
-18144
5772
23116
13068
-9464
-13232
-7532
8912
15448
3004
-5924
-9140
-2372
8360
11016
1328
352
-4188
288
3692
-3348
-8572
2808
424
3468
2096
-200
-232
-3444
2444
780
108
-2008
948
-2296
-3524
2972
7808
-4772
-5404
-6848
10400
1712
296
-8456
-5012
172
6428
7676
-5872
-14380
-7176
8012
7224
5092
-10784
-5732
3008
8104
14424
-2476
-5072
-5032
8344
13748
-6164
-1240
-4344
1100
164
-5388
5692
-2976
1128
80
712
6464
-2428
2164
2156
-1280
-444
-3688
6156
5396
-10800
-5856
2056
9156
7780
-10748
-21452
-13424
5572
10964
14520
3468
-11520
-17716
-5272
12292
25136
-1912
-20956
-18120
-3736
18028
15040
-2044
-24032
-15944
4072
15072
6268
-7164
-15132
-7804
5896
7108
3400
1804
-2236
-212
4948
6364
1728
-3484
-2692
-4280
8700
4124
3716
-1788
532
-940
-10732
-1444
2788
10724
6688
-380
904
-5488
5196
-1996
924
-5260
-14352
-3780
-1252
4056
-976
-12684
-17260
6092
10428
-772
-20996
-17624
4892
23336
26952
3540
-28268
-23476
516
22616
13268
-7968
-20788
-11624
5060
9436
1888
-9020
-12748
-4420
4344
7180
-1240
-6284
-1156
-992
-1336
2116
3568
-872
-1012
-608
4520
24
-3528
-4080
2260
-2372
1188
1216
1596
-7116
-4800
8416
8232
-2528
-10300
-5200
2120
8292
16376
-1036
-13344
-7224
4620
18732
-600
-3068
-15904
-10816
1608
19324
5936
-11156
-21672
-96
15532
3996
-7232
-14912
1980
7268
5764
532
-1112
1104
-3168
-5160
2228
-236
4600
-4424
-5052
-1296
-4872
9364
2660
-9876
-4224
1620
6988
3040
1508
-2216
-11512
-1736
14000
25108
4408
-24088
-29200
-14168
17776
31388
19252
-16848
-29364
-11160
24344
22552
3816
-18976
-22172
7692
18584
15636
-7080
-14836
-296
8044
12996
5920
-5288
-11012
-9152
7168
8780
-5588
-12636
-8040
2584
14640
5564
9536
-9260
-5552
-3320
3180
9492
1560
7036
-6120
-3068
-3172
-4620
-52
-5220
4140
-364
-5128
-2288
2476
9644
4516
-1960
-3720
-2128
10852
5408
4292
-7704
-5736
11292
16052
7680
-17768
-22288
-7996
19896
21144
436
-15044
-10924
7640
13804
10464
-6344
-11080
-6052
7448
15928
2868
-2796
-5100
5340
6336
3252
-604
-2376
-88
-3800
-4868
3524
8152
936
-3312
-4736
5624
2216
220
6412
-5512
2896
4640
3208
-10864
-6272
-468
760
6844
-1336
-6368
-12464
-8872
8696
12000
9716
-8940
-6180
-6568
5292
19868
4316
-2012
-14676
-6060
7164
19320
-632
-3696
-7872
3060
5880
1612
44
-5804
2500
6836
4728
5900
-168
3008
-2880
-376
11208
2040
1472
-8428
-4176
6952
9368
768
-11348
-6772
12
7076
12164
1504
-12924
-20928
804
16992
17152
10172
-14740
-23000
-10248
16236
26860
7352
-21256
-29860
-8080
17688
22364
-3212
-17212
-20676
428
10852
1964
-7464
-10500
-8416
-1080
5824
8132
-208
-7388
-724
3544
8064
1780
-15880
-5232
6468
5884
7216
-8500
-276
-3036
-6616
-2900
-8164
2168
-208
4684
4296
-532
6772
-424
7848
2348
-4300
-12256
-15376
3736
8312
4292
-2588
-15320
-4180
11168
6284
-7816
-21712
-7632
22044
20868
4840
-23792
-22952
808
17036
10508
-10500
-18348
-6132
2008
10688
-2740
-2792
-7368
916
8636
3956
-5976
-6848
-876
4356
4092
-964
-7076
-4108
-2464
-604
1164
3440
8468
-5144
-6052
2000
-980
5532
-1020
-2112
-2928
3340
7912
272
-1972
-7844
776
8176
6284
1088
-14436
-7760
440
8348
6196
-1652
1936
-16504
-13768
-1064
21628
13008
-9552
-15688
-14764
8268
11332
-2732
-9392
-2380
-4816
3676
7232
-796
-532
-10436
1764
6336
2604
-1836
-13364
-2076
3040
4008
5864
-9248
-6948
-4512
7180
10580
2408
-6800
-10840
-2716
14444
25088
10548
-11784
-24676
-14240
4192
26360
14232
-12956
-28608
-7428
21828
23256
6012
-11896
-17188
-2476
16380
18128
-832
-13200
-3532
11724
14896
3756
-6120
-4988
-3972
4600
5760
-1888
-8656
80
1384
11816
1472
816
-4324
-9476
168
5280
-1460
-340
-244
12932
6848
-8756
-13288
-16560
5848
1616
1724
-3052
-3056
6584
9744
11416
3760
-6888
-12684
-7468
11476
22100
7544
-12560
-14160
7584
13388
13676
-8916
-24220
-15904
8844
16860
3008
-11984
-11556
2920
7808
4336
-1188
-4200
-1236
876
10672
712
4144
-1120
1704
1928
3404
7752
-3284
-6380
-676
3136
8284
2960
360
-11812
1388
7396
4344
644
-3664
-1976
1452
4428
-5056
-6612
-4572
5380
2148
-7416
-2168
-8420
6924
7536
400
-4960
-11228
3172
1840
10668
1032
-4664
-5772
-4740
10996
-104
5304
-7548
-7180
4784
7192
6568
-11288
-2052
-56
-2068
-3828
-2028
-4056
4440
-2988
1652
-4328
-2796
3424
-3892
5828
1292
2300
6772
-668
792
-2532
-3616
5372
9196
1448
-12388
-20000
280
8508
3960
12164
3716
-12532
-13988
-5376
19984
22656
-11896
-26200
-10408
10264
16580
5912
-13492
-21784
-5864
12296
11812
560
-10860
-13072
-4840
6344
11192
-1480
-6792
-184
5920
6416
4876
-1876
-9532
3548
1036
9008
-424
-1156
-52
-5104
-248
-11700
2636
4204
11140
1900
1144
-2988
-732
6256
-2676
-1168
-10660
-8924
-9700
-2036
14356
10988
-6228
-17036
-6496
7912
8888
-5100
-10180
-2136
10612
15576
7820
-11468
-10988
-3640
5684
8592
-1456
-2964
-8224
-496
3148
1040
-3496
-7276
-72
4016
-172
432
1564
-1552
-72
-5812
2596
-276
-472
-2084
-7696
2196
4860
736
-4940
-7336
860
3064
4760
-4852
-5704
3068
11588
3956
588
836
3052
4908
7772
9080
-7032
-8012
-2560
13552
9608
-6080
-7752
-7132
8504
9604
-1900
-12940
-7984
760
672
10144
-5036
-6608
-6948
4708
8956
-1128
2892
-8352
-1916
-5624
-5164
7872
1488
-4228
-9204
5384
2416
1800
2840
-6744
-1240
-2140
3660
3100
5048
-648
-5228
-1556
13992
17288
876
-17816
-17464
-7848
2088
13060
17412
-5008
-26708
-14048
13776
21372
12968
-9472
-15980
3004
21664
13956
1752
-11040
-5632
2184
7020
11608
2396
-6104
-9928
-1524
8172
3400
-4572
-15608
3700
6356
10776
2424
-6916
-3076
-964
5588
-5768
1216
7948
7532
9156
-6008
-7568
-5344
4724
1544
-940
-5916
-1268
7728
3736
10468
-2616
-4380
-4932
4424
9756
3612
-5028
-9360
-872
20508
10640
-56
-20792
-23968
-3180
26192
15700
-7700
-13844
-2768
10988
12164
3820
-5104
-3244
572
3656
2788
-6152
-136
-660
2524
872
940
2540
-1440
1328
-5412
3348
-2256
-2816
-3316
-9120
-588
8060
2512
-5852
-7688
-148
7280
15172
2704
-8752
-9260
-2556
9280
5516
-3576
-7508
-13592
5744
15848
7188
-4180
-17220
292
7728
14004
6496
-10708
-4148
-416
16352
5460
2248
-2048
-7504
10200
4236
96
-7224
-6992
3676
-5660
4976
5452
5784
-3428
-9096
-1596
-2220
11572
1004
-5704
-9676
3316
1268
-548
-500
-10088
-3832
600
5620
-512
-11872
-16972
-2072
10704
7580
9100
640
-13696
-18348
1808
29020
20280
-10432
-28648
-17412
7140
23440
2720
-18412
-19752
-5856
15916
7648
-6012
-9316
-9836
-1464
10196
10064
-2932
-11380
-10500
5384
8984
3468
-1276
-9596
-592
-124
11608
-840
7432
-3720
-7796
-4768
-7476
4336
6708
7080
6324
-8956
2736
2872
800
100
-11108
-7252
-2156
-8
7900
-4788
-5312
-7128
-2508
8612
-748
-15564
-18852
-9428
11584
16920
21460
-4740
-24736
-17460
10424
19908
2328
-14800
-17824
-1604
13588
9932
-4932
-14852
-8448
-1536
1692
3060
-5472
-5808
132
3224
3836
3144
-4676
-2436
-1464
2264
2652
4008
4836
-2784
-796
1216
7932
1492
-6924
-5096
852
12104
6516
1076
-8732
-5344
6068
7260
12236
-4184
-7576
-2628
3664
2752
2716
-2084
-13352
-2492
688
10276
368
-8800
-8340
-556
9172
-592
-2516
-12156
-360
9108
-2508
3320
-4068
2888
-6152
-4520
5160
-4132
-2024
-5216
-5324
2844
-1320
9604
440
-3272
-2436
-2608
4460
8836
3364
-5936
-13828
1648
18824
19428
-8244
-30096
-20048
-352
19592
26092
-724
-28608
-19900
10004
29080
15028
-10880
-21412
-7172
11556
18556
6772
-12848
-10944
4948
12840
13252
6764
-7236
-5252
1040
8628
3004
232
-11860
-1188
-1976
16700
-3376
-1132
-8124
-3732
4988
-3184
8756
3904
9776
6936
-4200
-7104
-13468
-896
6264
1064
-5808
-3800
6628
12732
11244
172
-9900
-2936
10772
10612
4708
-11020
-14940
4228
18536
12760
-8052
-23468
-19588
3812
23436
10796
-7232
-14388
-2588
12408
18844
5184
-7000
-11236
4496
11368
6612
1732
-5700
2112
1848
4372
-2784
-5556
-1236
3640
4172
2540
-28
768
-3860
-1508
988
764
24
-6888
-2972
-1580
7128
3868
-20
-5840
-7508
1864
-3544
-812
-12
-9412
-10104
-4020
18576
652
-6788
-11000
-924
9980
3672
10700
-2308
-6620
-5648
4064
176
1624
-6736
3036
10148
-3956
1088
-4884
6320
3916
-3780
3212
-1176
3492
-4328
-900
5944
1116
2188
-3228
-2580
-828
-2444
7556
-1676
-5232
-1028
-4144
5052
10736
1468
-13888
-13864
-3680
7604
8160
10372
8088
-6148
-17060
-11136
17124
16600
-3244
-16100
-18296
-888
11904
13024
-8764
-20768
-9712
5816
7148
1144
-5128
-12464
-5740
5392
14008
1372
-5868
-3900
5520
6224
2588
-4876
56
-9604
5408
392
8936
-856
-2328
2744
-6032
-5676
-9260
2212
8584
10668
3992
-9456
800
2568
7568
3300
-9928
-12588
-13176
-1328
13156
11308
4828
-15780
-11004
8592
6984
-11344
-17592
3828
16972
18004
2412
-13144
-15532
1412
7332
8408
-1200
-5660
-6088
964
5048
4012
-6776
-9644
-5084
-3344
1368
5572
-2092
-2044
-3740
-6020
1496
1296
2136
-5200
-4308
1852
7812
4844
-6296
1664
-1040
10864
4512
-10408
-9428
-252
10836
6748
-2472
-9624
-6880
3928
13148
13568
-8840
-14116
-1744
6152
13624
-1956
-3360
-17456
-3424
5984
7344
4380
-13344
-14568
3332
-836
2936
-12820
-7660
3664
28
5608
-5796
-3284
-3676
-1676
-212
-1296
624
-532
-1720
2000
3272
6692
2260
1096
-7288
-5096
10956
7644
2236
-368
-8596
-3256
5752
17476
13424
-8172
-18784
-16604
-5396
20480
27820
7704
-28208
-25944
6992
29664
22068
-6204
-21356
-11024
14672
18316
8496
-9116
-11344
1752
8444
14188
2592
-4168
-15224
-5452
10076
8684
2356
-17044
-8504
2292
6880
-2340
-172
-5496
-340
-844
708
10692
2468
2380
-3224
-9512
1232
-13164
2344
-3768
-1944
-2008
-6112
2932
7040
8172
7308
208
-1572
-9816
-3828
10260
12588
4792
-5868
-4204
-24
7148
3836
-14924
-6796
764
7712
6300
-2824
-1072
2400
2800
1920
-100
3044
-1668
2348
5060
6556
2168
-3036
4372
3944
4556
472
4060
728
-1832
-5128
-3456
7644
4000
-4760
-2868
-7924
6456
2660
168
-2652
1824
5576
1336
-1272
-10548
2316
556
3292
-2936
-8588
-12712
-3032
17352
7224
852
-15916
-7440
10212
14044
5976
-16480
-8320
1496
11800
12896
-728
-5300
-11476
12196
18100
188
-18016
-1768
2160
1792
3980
-4016
132
4
2864
3280
376
1264
1648
748
-8020
-4024
6228
3788
-1520
-11628
-7484
3656
6324
10344
-5968
-24064
-14772
5760
20644
11824
5492
-16716
-24004
-5048
26544
26440
-1300
-28948
-20696
1356
16640
11436
-12148
-24076
-11856
15136
11012
-2932
-12228
-11720
-6912
7692
5704
2228
-5740
-4632
7432
4204
12404
-7292
-10120
-11184
-1128
10676
6032
-4312
-1228
-9456
-7544
1504
-3104
5988
2840
704
4440
2172
9888
-456
2332
-1632
-6112
-6896
-11468
-1420
8224
9040
3304
-15436
-7984
2956
6236
-1708
-10784
-3800
5492
15796
11872
-7048
-15724
532
8468
4312
-5664
-6764
-6020
-2112
8768
6328
-4804
-8352
-12792
6448
8828
1032
-4476
-8296
-332
1488
8888
2132
-1304
-4200
-2868
2980
3556
3136
-2784
-104
-1480
-220
6288
2444
-8208
4116
4304
6996
732
-8796
4572
-828
10808
11680
844
-16216
-7356
5436
10144
11052
-8408
-4932
-8160
536
10652
-2428
-5160
-15004
-3440
4380
4112
208
-10548
8288
892
-3416
-7352
2956
-4164
-1764
-2028
-3392
6420
-3524
-5652
-2588
-3472
2880
-1692
6276
-624
-6244
1040
3252
7652
3276
-6700
-19600
1716
24888
29316
-2852
-30140
-25764
-3236
20224
29468
6640
-28196
-29328
15560
29572
9880
-14336
-23612
1624
22104
19296
-2620
-13820
-3952
5592
12856
4268
592
-7144
-1936
3416
4468
-4744
-204
-1544
492
3568
968
7752
-3580
-3624
-5404
6144
-3512
-2036
6400
9620
5152
-3800
-11188
-3208
-2340
628
2012
-9348
208
-1528
5200
5648
3256
2756
-5988
-4100
5132
12544
2116
-4676
-5640
7060
13316
640
-13672
-16924
-12588
13040
19352
6728
-7384
-12616
1508
18768
3552
-9320
-10268
-1784
14196
12188
1068
-6788
-6576
976
10096
7016
1412
-9376
-11008
2036
4880
9768
5548
-6504
-7468
-3200
-1080
8348
3416
-3068
-1808
1556
3156
-2028
-768
1464
-2480
-576
-1564
-1280
-6776
-5832
2308
11568
-4124
-908
-5544
-24
5404
4032
6076
-3688
-1588
-15392
436
10308
460
1624
-7544
9620
1608
636
-4592
-2852
10380
-1404
-2880
-1056
-296
5064
2236
608
7824
-5128
-3376
-1888
136
5384
-3412
1688
-2312
-1824
-324
1584
6204
-164
-11644
-16960
-6732
4572
10968
14276
9812
-5604
-18756
-12076
16760
25028
3788
-23624
-28364
-10024
18480
12620
-10600
-29864
-9256
9828
12352
-892
-9800
-15816
-2392
6088
12072
2040
-6852
-4672
5412
8512
1916
-6968
-1420
-3504
4292
568
4432
1904
872
3128
-7480
-984
-2848
-5332
8872
-860
60
-3196
6444
3104
1624
-5072
-7532
-8220
-4184
6168
-3256
1420
-768
-4748
-2544
-3624
-6464
-14724
-7676
8964
13800
19216
544
-17412
-15504
560
9900
8488
-6908
-13228
-9288
1440
13712
4572
-14952
-16784
-3648
9356
10420
-2608
-10588
-8220
-20
4176
1380
-64
-10828
-6792
4688
7812
8012
-3328
-8944
-5088
2752
10144
3660
-1720
-1788
1364
12312
-520
-4164
-3488
-740
6552
6860
1536
-424
-11344
3540
12360
8760
-288
-15928
-6384
236
9372
1172
-6232
-2296
-9596
-968
-2072
6104
1616
-12296
-2648
-2160
7892
4028
-1192
-388
-13252
-2104
2716
3316
1732
-10860
-5108
1172
5256
644
-456
-2224
-2516
1608
2600
4624
1696
-216
-12476
-76
27512
22932
-7984
-24348
-18032
84
20812
25804
-652
-29612
-27864
4288
31352
23812
-3888
-28128
-18288
14700
28512
12008
-12928
-14896
-2452
10524
12876
936
-2544
-10496
-2260
9100
9688
-628
-10716
-5756
232
7232
4388
644
-7952
2072
-4860
2256
-1656
-5476
11828
-1088
-760
-3336
-7848
-1980
-7904
1536
-2480
-2656
2376
6448
4192
4052
6116
-5008
-5152
5464
10748
11068
-10920
-11300
-820
17660
14612
-6560
-23736
-18000
9892
21520
11680
-8864
-14428
-4540
5856
12884
3872
-3148
-3248
1948
6584
8120
3356
-3036
3040
3880
6260
-972
-4420
-1980
1580
7556
1844
2492
-4536
-5668
1084
3896
7340
-2796
-5172
-1288
-3324
5772
-3412
-6004
-6080
48
6424
-4936
3064
-6004
-4112
632
5656
9048
-1932
-9940
-2932
9028
7528
9888
-2728
-7116
-7212
5188
9392
2612
280
-13412
7344
10832
1936
-4284
-10332
4304
-1264
3828
848
-2192
2004
-9184
-2496
-2744
3608
10712
-7220
-4504
-3216
1408
6668
-3876
-5816
-2816
-2580
3300
11212
-8584
-17492
-11572
2072
16596
20432
11184
-13924
-20884
-5768
20956
23996
-564
-24812
-24908
324
22700
16812
-7672
-22236
-12288
9224
15736
896
-10628
-10000
-1060
2040
3576
-6384
-8928
-1580
9072
3680
7264
-6168
-3864
-3316
2732
3496
-4016
1908
-1496
2116
-10040
-8376
-296
3800
6324
-1032
2920
4276
3092
5244
-3236
-768
-6660
-9604
-7316
-8660
660
8216
2352
-8612
-2752
-1844
-6504
-1772
-7412
-696
9172
13824
264
-12376
-10440
-3920
8200
2940
-2524
-9624
-3348
6396
2240
7408
-8888
-7344
616
5300
8264
-4964
-6896
-10368
4020
8328
-3076
-3696
-6088
-3132
2996
4748
4012
-1840
-5392
-5072
1248
7200
5992
2332
-7896
-6312
8724
7860
5480
-6028
-5024
-1076
7864
15668
-1892
-13272
-11788
6340
16432
5600
2276
-19276
-4688
9240
12924
844
-220
-15548
-3408
3944
7236
292
-13820
264
-3404
7108
1472
288
2988
-8784
-220
-1420
5536
4308
-5112
-4940
-10744
5616
1132
2172
440
-7400
-4044
5360
9604
10068
-9284
-5232
11896
18944
7532
-10648
-17076
-13756
-4748
16664
22348
3556
-25384
-20360
9116
25716
16444
-5592
-20928
-13312
8468
26816
7348
-15872
-12292
4820
14188
10212
-1520
-5056
-4656
1004
2928
5728
1588
-9036
-9252
-944
9316
-360
3316
-8524
3772
-2188
2884
2532
4236
11224
-20
-4480
-7112
-3252
4556
-5788
-1888
-9060
-572
7440
1808
9888
7144
5760
-1284
-13412
-3716
14116
13464
-4084
-3580
-3308
13268
15124
332
-18700
-16756
10524
24480
8620
-8636
-15568
-4224
10856
14448
3044
-4388
-6872
1748
13800
8940
432
-8872
-4208
9112
-44
6620
-4384
-2476
-2188
3840
4420
288
304
-4544
-1968
-100
6272
-2416
-1908
-4128
-1524
3592
-3092
-2140
-5132
1380
6656
1492
-4472
-11320
-4580
2112
13204
6280
-8680
-6432
-3112
10024
11128
-1976
-11760
-11344
8820
8084
4440
-5444
-13904
2432
8236
8688
-1384
-12588
-3400
3128
7908
3472
-3000
-1888
-1420
7860
-3676
-4108
6484
-544
4692
-7600
280
-3452
-1864
748
580
-2328
-9864
-2252
10180
5464
-11828
-17908
-3404
13488
24884
13224
-15744
-28672
-13144
21376
29756
1436
-26636
-26900
-1832
25216
17060
-6920
-26444
-15796
6932
18504
7020
-7624
-19544
-9552
8744
15872
1500
-4824
-8528
-2812
5184
6308
2152
-4952
-8264
10148
5680
1984
5068
-9600
-692
-9196
-1672
1960
1428
9052
-3416
-408
5532
6672
5032
-7048
-4472
-9292
-2928
-4708
-4444
4792
1860
160
-7048
804
7760
388
-8664
-19500
-3820
14972
18636
6864
-10548
-19924
-9208
9384
12104
-3424
-9480
-10436
-2556
9852
1044
-7420
-14840
-7160
7184
4096
-828
-5864
-4548
1992
-1336
6384
-5212
-5432
-3204
-1440
6508
8060
2996
-11432
-4096
4152
4104
1456
-1468
-7320
16
11692
10280
6160
-11520
544
1592
5388
8544
-3580
-7508
-4176
7988
3328
5008
-2876
-11288
3100
-3784
6704
-5180
-3540
-3188
-3484
10868
-2776
2620
-9796
3384
-1124
4304
-2476
-3696
4036
-6628
-1576
-4812
4992
-1788
-8628
-4332
-2444
8860
8872
-3788
-1780
-1640
8940
508
-4780
-2920
620
3328
4492
11588
11888
4696
-17832
-19664
-12856
11724
26860
14128
-18968
-29396
-2296
28484
24904
7392
-20488
-22808
4748
21432
16900
-4460
-13100
-4852
6616
15336
11660
-700
-11112
-8348
2408
8196
3224
-10688
-7668
460
11032
3132
-7052
-5248
-7428
5188
4328
684
-3228
8232
3184
5308
-10944
-12200
-1468
2140
12012
-8728
-7736
-4520
6520
16052
-44
-9836
-6408
6240
14544
10164
-1308
-12864
-4228
16528
18488
7956
-12748
-23444
-9380
15696
15180
-5740
-14364
-5724
9328
11736
8472
-10068
-9968
-488
13720
15660
-3208
-12416
-7416
7416
12152
4188
-2016
-8740
-1276
2840
10588
8936
1892
-3600
-14556
-1476
6016
9472
192
-6616
-6028
828
4464
448
-5224
-3176
-1020
-1720
6068
1888
-1956
-15164
4596
11776
4232
-5084
-19652
3148
7256
12288
7988
-3972
-8920
-8944
11724
8044
1236
-8980
-9216
13972
7744
6328
-6988
-4276
4260
3672
-2784
7456
4816
-2200
3996
-9112
1804
5692
3200
3116
-5136
1492
-32
1956
-1196
-7824
60
5128
5440
2628
-7456
-16400
-9816
5088
12612
8232
6216
-4800
-14988
-11320
9868
31012
-476
-29992
-23432
4656
25456
11856
-7656
-24228
-14424
11088
10296
4284
-6244
-13072
-8604
2424
12120
4356
-5320
-10356
1068
8636
7632
4376
-5912
-4336
-64
11352
3808
4172
-616
404
-168
-2372
-4908
5340
3376
4848
-1820
2196
3188
5056
5444
-5172
-7720
-11584
-5460
2988
4536
2844
-8196
-10684
-1900
6256
7984
-11640
-17372
-8504
11624
25688
13068
-11740
-26340
-11076
11880
18508
1928
-9632
-10332
2640
12896
4992
-5628
-14856
-5352
3632
10868
5496
-9840
-5460
96
2956
2944
1428
-2368
-10016
-3132
6544
8528
7696
-4748
-6872
-8472
5840
9284
2780
-7536
-6168
7004
8408
-2816
-9140
-3552
-3168
9456
9664
-2832
-11728
-5456
12956
13248
10348
-15864
-17884
-10880
6172
17736
-1664
-8284
-13212
-3476
10528
1624
3252
-9556
-3764
1896
-912
2992
-6568
776
-2004
-7392
-4332
-680
-1680
4012
-9208
-820
-968
2116
8432
-4060
1456
-3792
-760
4912
7284
-2636
-9352
4192
18564
12084
3104
-11144
-16844
-16720
4368
25396
22892
-8276
-30056
-16664
18652
29960
15000
-17260
-16876
7612
28892
16796
-12668
-15380
1008
12656
12336
1428
-11096
-9028
-5044
4764
2744
5172
-5964
-7500
-4088
10936
5056
152
-9900
-4368
4816
1048
8916
248
5096
4268
-3920
-4276
-5716
-2340
-2752
-3868
-9292
564
5664
7792
8388
1048
1884
-5536
-8416
3144
5792
12092
2980
-3832
-9716
4504
10784
10164
-11980
-21192
-1220
12360
12976
2800
-9668
-3920
6376
9648
5460
-2788
-2436
2172
4348
7988
-1796
-6996
-8120
-1444
7784
3952
-8096
-8920
-3348
4600
5924
3328
-1356
-1516
-3112
-384
5412
-1936
-1816
548
3864
-5308
-4212
-3068
-1956
7924
-1724
-4064
-2684
-5020
-5804
2444
432
1272
212
-8268
1456
244
14388
5668
5940
-7712
-15008
-836
6040
11628
-1604
-6180
1732
1132
7804
-5180
2268
1856
-1284
-660
-4588
11420
-2612
-5260
-2116
-1336
8700
2032
-320
-5496
5016
512
-2376
-456
-6392
-6112
-5896
6696
9972
-7144
-19680
-13076
2876
13316
10148
9088
-5260
-12932
-10648
5276
25260
9084
-15796
-24288
-9036
15084
22700
3544
-18500
-19540
5516
19532
7140
-3620
-15264
-11744
1056
11884
-76
-9672
-5412
-1876
4752
5780
44
-6012
-6736
6092
520
10700
-2100
-2972
2268
-8524
-3236
-6728
5540
6396
3220
2320
-5320
7240
6708
4236
-9208
464
-104
-8496
-8212
-4520
9672
13772
-912
-8892
-12388
-1232
5104
976
2244
-108
3036
9036
2632
-11744
-3320
-4804
-128
-2140
-124
-444
-1384
3176
3852
-1988
-6676
-4216
300
1484
4716
-936
-3896
-3980
6420
7924
3196
-8516
-6372
-5408
3332
4324
5088
-8760
-2816
-1376
3692
3508
-1160
3108
-1272
5016
3860
3440
-5800
-8868
7836
4456
11076
5736
-7976
-7300
4208
7764
5244
-10616
-16788
3920
10368
10276
-9868
-12908
-7944
-860
4908
-6080
-6012
-12760
3868
12952
3316
-4204
-4848
2460
1244
-5456
3364
-4932
-656
-4204
-2400
1384
2624
10032
-1972
-6456
-2668
2416
836
4468
-1536
-1968
-3608
6788
18836
13484
-2012
-15800
-14816
-2180
18064
24460
4792
-18080
-29880
-7344
21164
25560
748
-20280
-15208
5268
22036
11868
-2924
-10728
-2884
4352
14356
1804
-5672
-6956
-328
12524
2076
-3604
-13096
-4052
-420
12872
8816
-4372
-10988
-8896
4280
3044
8268
-304
-380
4948
-4104
-1340
-11676
-1348
2940
-5996
-5608
-9048
4672
11092
4696
8104
936
-5764
-8984
-5620
15100
16892
-2036
-15608
-5812
17468
11756
-1296
-23936
-17640
3440
14580
10556
-5220
-9528
-3572
2904
7528
6780
-2544
-9296
820
10004
13260
1204
-9032
-1872
4152
11636
4884
-132
-4256
-6228
740
4448
8036
-2328
-3732
-6664
2444
8196
-48
-624
-4136
-3912
2512
2416
-2540
-11408
-2204
-4940
3772
3544
1260
-10240
-6404
4136
4684
8068
-10552
-5176
7436
11252
-3348
-10828
-5780
3628
12752
-516
124
-9948
-748
10364
8064
-3392
-19404
-4432
8828
9436
1404
-9932
2528
640
8564
3284
-1248
1540
-784
4900
-8696
-5584
4304
1924
1296
-6232
-11696
-2604
2624
5764
2676
-17032
-18268
-5696
8688
22064
16280
-1568
-24416
-17712
6832
31196
14048
-18812
-29756
-19440
15216
20696
3060
-24860
-19448
564
16012
5516
-5068
-8428
-6768
3332
6824
9160
-888
-8908
-2872
8124
2364
5720
-6796
-7464
4668
-1468
3672
-596
7944
-4372
-12248
-6356
-4332
10864
5464
592
1916
-1988
8564
6212
4832
-2284
-5432
-3996
-7692
1532
4160
1484
-3924
-4600
-1304
9192
2424
-17412
-17988
-2632
17700
19556
7728
-18844
-23856
-1640
15184
17772
548
-17200
-13980
-568
14856
13196
-9600
-13132
-13976
1460
9604
8256
-5732
-9672
-3784
1128
5860
4052
-2624
-11680
-728
336
7236
2960
-116
-1368
2776
3584
-1456
-872
-2684
712
4356
6164
328
-1704
4208
-1368
8564
-1572
3688
-6896
-7024
3648
1368
5612
-9340
-4076
-1356
2648
7140
-164
4400
-3016
-4268
1444
7084
-8420
-712
-6988
5536
10728
608
-2884
-9256
1040
-3280
-2044
4608
-3988
-1160
-1564
-3008
4316
-2432
4764
-5016
-5600
428
-84
8496
4100
-60
-4644
-3216
9692
12272
3272
-7208
-13724
-20776
-408
23852
24800
-3232
-30096
-20692
14336
31220
17664
-7872
-27240
-13908
15088
24448
8268
-19056
-14920
-716
17472
13024
4548
-14324
-9764
848
14292
6956
-7796
-14064
-3024
7980
11288
308
-3552
-11200
5456
1732
312
6296
1348
9068
-3756
-3108
-5756
-7160
5568
-1000
-5208
-2472
-7448
10304
7204
7632
448
-4876
-192
-3236
12392
8516
-3336
-13776
-2056
17232
3124
-9036
-23044
-11880
9048
23764
9300
-11344
-11020
-456
17588
7584
2740
-10536
-6540
2836
11316
8648
-1096
-6628
-1908
1432
7796
5736
-2900
-9120
-2576
5096
7700
5168
-740
-4536
-7176
7656
1800
-4332
-3960
-3976
-744
9580
3480
-1028
-4732
-8512
4004
480
4252
-4304
-6944
-1620
544
14332
7384
-2056
-7268
100
6732
6012
11600
-5480
-212
-2232
3908
5596
2040
2756
-6808
6764
1032
-1156
-4400
6316
472
-944
1324
2244
4676
-5420
-4596
-3480
4528
2104
-5204
-3052
-5800
660
5032
2032
-1440
-11744
-6924
7128
7836
120
-10552
-13868
-3376
-268
1960
8852
8992
-16196
-17248
624
25700
15212
-8236
-17344
-16440
4100
14580
2240
-14668
-9652
-3984
13656
6676
2624
-9680
-13960
476
7872
12104
-5308
-7928
-788
3040
8228
-2060
-884
-8476
2000
-3136
3916
6736
-2616
2112
-4876
-5460
-1368
-12712
5592
10180
9964
4984
-5056
6704
-1404
1480
520
-9640
-6104
-8504
-852
4024
2800
-1448
-10012
964
2316
-4824
-11912
-11492
5196
13500
19364
-828
-18568
-11356
12612
12708
3592
-8512
-11624
-4280
10900
11840
-2884
-13616
-10916
-140
4072
1184
-7284
-8304
-2520
4472
-1816
2540
-188
-960
-4368
-5696
4204
-1140
2952
-7092
-6856
5360
7808
596
-4200
-3096
5376
6608
8180
-6768
-12
4252
3752
5128
324
-316
-9144
-2436
-1168
5940
7424
-3244
-2368
-16828
-436
6932
8056
-2160
-16336
-4464
1112
9804
-2616
-10928
4868
-5124
4432
-2664
1860
-2328
2924
-7056
1752
-3664
1780
48
-8972
-388
1240
8564
3472
-5148
-4
-796
1092
5452
1804
-3128
-2668
4420
18432
14076
-6220
-16596
-16644
-7480
13772
18960
7720
-17036
-19216
10680
27300
13944
-10720
-20508
-4500
12152
18056
6740
-14332
-10064
-1348
8180
16412
7548
-9360
-10164
-6948
6344
6972
-2736
-9312
-4164
-4472
10968
604
-3604
-6268
-8128
508
-5712
9884
7904
-2352
-2660
-7780
-4596
5912
-3328
-3700
-11360
-3476
5328
844
5468
-1780
6364
10872
3392
-5900
-6372
7152
13204
9776
-2676
-5084
4356
10964
4500
-17236
-17952
-1220
13380
17060
-4532
-9720
-2812
4320
3336
7452
664
-3740
5344
-304
912
-1220
-1040
-1756
8020
4892
-4700
-5460
-952
4788
2096
-1016
2236
-2244
2172
852
3524
3224
-1308
1692
-1752
184
4204
-1284
-2648
-6224
1096
-956
-88
-2432
-1020
-9768
852
9188
6272
2392
-10436
-2548
992
14384
8040
-5156
-13908
-8456
12240
8388
5936
-14208
-10500
580
9752
12804
-6624
-7872
-2912
-3804
7220
2548
1964
-3928
-8232
5684
8444
5040
-596
-5140
-444
-5668
3772
3712
-2536
-1964
-1044
-708
6284
2340
-6752
-8680
-12924
-8816
4700
24664
18968
-6564
-27100
-19532
14260
31368
8168
-24348
-28736
-7112
22936
13172
-10908
-26292
-10960
11956
12316
-756
-10296
-9936
72
5608
10364
8824
-9440
-2908
-1384
1360
1964
-608
-1020
-6384
1396
-2544
5040
1868
2480
3168
-12264
-4064
-6876
10116
3764
-2424
-2248
-2764
12076
13088
-2864
-5052
-10104
-1876
524
